%Time [ms]	Speed [rpm]	%3/21/20192:55 PM
0.000	0.000
10.000	126.270
20.000	126.270
30.000	125.191
40.000	124.971
50.000	125.118
60.000	124.825
70.000	124.751
80.000	124.751
90.000	124.751
100.000	124.605
110.000	124.605
120.000	124.532
130.000	125.537
140.000	125.684
150.000	125.391
160.000	125.464
170.000	126.196
180.000	125.537
190.000	125.684
200.000	126.562
210.000	125.977
220.000	126.196
230.000	126.855
240.000	126.270
250.000	126.929
260.000	127.148
270.000	126.636
280.000	126.855
290.000	127.588
300.000	126.636
310.000	127.148
320.000	127.661
330.000	126.636
340.000	127.222
350.000	127.075
360.000	126.709
370.000	126.855
380.000	127.295
390.000	126.416
400.000	126.709
410.000	126.929
420.000	126.050
430.000	126.416
440.000	126.562
450.000	125.830
460.000	125.903
470.000	125.977
480.000	125.244
490.000	125.317
500.000	125.464
510.000	124.658
520.000	124.805
530.000	124.878
540.000	123.926
550.000	124.365
560.000	124.512
570.000	123.486
580.000	124.072
590.000	124.072
600.000	123.267
610.000	123.486
620.000	123.853
630.000	123.413
640.000	124.837
650.000	124.032
660.000	123.592
670.000	123.885
680.000	123.958
690.000	123.885
700.000	124.105
710.000	124.471
720.000	124.105
730.000	124.251
740.000	123.267
750.000	123.999
760.000	124.072
770.000	124.585
780.000	123.999
790.000	124.072
800.000	124.585
810.000	124.072
820.000	123.779
830.000	124.438
840.000	123.926
850.000	123.706
860.000	124.512
870.000	123.560
880.000	123.633
890.000	124.219
900.000	123.267
910.000	123.340
920.000	123.779
930.000	122.754
940.000	123.120
950.000	123.267
960.000	122.168
970.000	122.314
980.000	122.754
990.000	121.729
1000.000	122.021
1010.000	122.021
1020.000	121.436
1030.000	121.436
1040.000	121.655
1050.000	121.069
1060.000	121.289
1070.000	121.509
1080.000	120.703
1090.000	120.630
1100.000	120.923
1110.000	120.557
1120.000	120.703
1130.000	121.289
1140.000	120.410
1150.000	120.630
1160.000	120.996
1170.000	120.557
1180.000	121.143
1190.000	121.509
1200.000	121.069
1210.000	121.069
1220.000	121.509
10.000	121.069
20.000	121.362
30.000	121.729
40.000	121.069
50.000	121.362
60.000	121.582
70.000	121.143
80.000	121.362
90.000	121.655
100.000	120.996
110.000	120.923
120.000	121.436
130.000	120.850
140.000	122.306
150.000	122.306
160.000	121.501
170.000	120.755
180.000	121.780
190.000	121.487
200.000	121.414
210.000	121.414
220.000	121.268
230.000	120.104
240.000	120.104
250.000	119.591
260.000	120.410
270.000	120.410
280.000	119.165
290.000	118.872
300.000	118.872
310.000	118.799
320.000	118.359
330.000	118.359
340.000	118.066
350.000	117.773
360.000	117.773
370.000	117.920
380.000	117.847
390.000	117.847
400.000	117.700
410.000	117.920
420.000	117.381
430.000	117.088
440.000	116.941
450.000	117.527
460.000	118.512
470.000	118.512
480.000	118.512
490.000	118.805
500.000	118.658
510.000	118.658
520.000	119.198
530.000	119.637
540.000	119.637
550.000	119.344
560.000	118.286
570.000	118.286
580.000	118.433
590.000	118.213
600.000	118.213
610.000	118.213
620.000	118.140
630.000	118.140
640.000	118.433
650.000	117.993
660.000	118.140
670.000	117.700
680.000	117.847
690.000	117.394
700.000	116.954
710.000	116.295
720.000	116.442
730.000	117.256
740.000	116.816
750.000	116.237
760.000	115.724
770.000	115.797
780.000	115.431
790.000	117.007
800.000	117.007
810.000	116.781
820.000	115.902
830.000	115.015
840.000	114.941
850.000	116.798
860.000	116.579
870.000	116.059
880.000	115.327
890.000	114.204
900.000	114.350
910.000	115.911
920.000	116.424
930.000	115.565
940.000	115.565
950.000	114.141
960.000	114.654
970.000	115.026
980.000	115.905
990.000	115.539
1000.000	116.744
1010.000	115.555
1020.000	114.763
1030.000	116.509
1040.000	116.802
1050.000	116.802
1060.000	116.802
1070.000	116.582
1080.000	116.582
1090.000	117.168
1100.000	116.037
1110.000	116.037
1120.000	116.390
1130.000	115.283
1140.000	115.283
1150.000	115.356
1160.000	114.990
1170.000	114.990
1180.000	115.210
1190.000	115.063
1200.000	115.063
1210.000	114.551
1220.000	114.404
1230.000	114.404
1240.000	114.478
1250.000	114.111
1260.000	114.111
1270.000	114.185
1280.000	113.599
1290.000	113.599
1300.000	113.306
1310.000	113.379
1320.000	113.379
1330.000	113.232
1340.000	112.720
1350.000	112.720
1360.000	112.793
1370.000	112.646
1380.000	112.646
1390.000	112.427
1400.000	112.280
1410.000	112.280
1420.000	112.427
1430.000	112.354
1440.000	112.354
1450.000	112.354
1460.000	112.354
1470.000	112.354
1480.000	112.354
1490.000	112.573
1500.000	112.573
1510.000	112.573
10.000	112.646
20.000	112.646
30.000	112.720
40.000	112.720
50.000	112.720
60.000	112.793
70.000	112.793
80.000	112.160
90.000	112.860
100.000	112.934
110.000	112.228
120.000	112.228
130.000	112.008
140.000	111.788
150.000	112.960
160.000	112.814
170.000	112.487
180.000	112.681
190.000	111.614
200.000	111.834
210.000	112.100
220.000	113.045
230.000	113.045
240.000	113.337
250.000	111.580
260.000	111.580
270.000	112.126
280.000	112.492
290.000	112.492
300.000	111.686
310.000	112.272
320.000	112.272
330.000	110.596
340.000	110.449
350.000	110.449
360.000	110.229
370.000	110.083
380.000	110.083
390.000	109.644
400.000	109.863
410.000	109.863
420.000	109.351
430.000	109.717
440.000	109.717
450.000	109.204
460.000	109.790
470.000	109.790
480.000	109.277
490.000	109.644
500.000	109.644
510.000	109.351
520.000	109.863
530.000	109.863
540.000	109.644
550.000	109.937
560.000	109.937
570.000	109.717
580.000	110.083
590.000	110.083
600.000	110.010
610.000	110.010
620.000	109.937
630.000	109.937
640.000	110.010
650.000	109.424
660.000	109.058
670.000	109.131
680.000	108.691
690.000	109.985
700.000	110.059
710.000	109.406
720.000	109.040
730.000	108.967
740.000	108.600
750.000	110.391
760.000	110.610
770.000	109.672
780.000	109.672
790.000	108.304
800.000	107.938
810.000	109.714
820.000	109.787
830.000	108.981
840.000	108.835
850.000	107.484
860.000	107.411
870.000	108.683
880.000	108.976
890.000	108.390
900.000	107.951
910.000	106.681
920.000	106.535
930.000	108.244
940.000	108.244
950.000	107.738
960.000	107.005
970.000	106.452
980.000	106.013
990.000	107.640
1000.000	107.933
1010.000	107.294
1020.000	107.221
1030.000	105.878
1040.000	106.317
1050.000	107.605
1060.000	108.117
1070.000	107.531
1080.000	107.312
1090.000	106.270
1100.000	106.270
1110.000	107.129
1120.000	107.056
1130.000	107.275
1140.000	108.162
1150.000	107.381
1160.000	106.802
1170.000	106.802
1180.000	108.234
1190.000	108.234
1200.000	108.381
1210.000	108.527
1220.000	108.527
1230.000	108.161
1240.000	107.347
1250.000	107.347
1260.000	107.633
1270.000	106.494
1280.000	106.494
1290.000	106.934
1300.000	106.494
1310.000	106.494
1320.000	106.494
1330.000	106.274
1340.000	106.274
1350.000	105.981
1360.000	105.835
1370.000	105.835
1380.000	105.762
1390.000	105.688
1400.000	105.688
1410.000	105.542
1420.000	105.103
1430.000	105.103
1440.000	105.103
1450.000	104.663
1460.000	104.663
1470.000	104.736
1480.000	104.517
1490.000	104.517
1500.000	104.517
1510.000	104.297
1520.000	104.297
1530.000	103.931
1540.000	103.711
1550.000	103.711
1560.000	104.004
1570.000	104.004
1580.000	104.004
1590.000	104.150
1600.000	104.077
1610.000	104.077
1620.000	103.931
1630.000	103.931
1640.000	103.931
1650.000	104.150
1660.000	104.297
1670.000	104.297
1680.000	104.443
1690.000	104.443
1700.000	104.443
1710.000	104.224
1720.000	104.517
1730.000	103.551
1740.000	103.551
1750.000	103.624
1760.000	103.771
1770.000	104.528
1780.000	103.569
1790.000	104.082
1800.000	103.642
1810.000	103.789
1820.000	103.569
1830.000	104.241
1840.000	104.241
1850.000	104.754
1860.000	104.022
1870.000	102.899
1880.000	104.004
1890.000	103.271
1900.000	103.711
1910.000	103.711
1920.000	103.198
1930.000	103.271
1940.000	103.418
1950.000	102.759
1960.000	102.979
1970.000	103.125
1980.000	102.539
1990.000	102.612
2000.000	102.612
2010.000	102.173
2020.000	102.393
2030.000	102.246
2040.000	101.807
2050.000	101.660
2060.000	101.880
2070.000	101.660
2080.000	101.660
2090.000	101.807
2100.000	101.221
2110.000	101.221
2120.000	101.367
2130.000	101.147
2140.000	101.367
2150.000	101.367
2160.000	100.854
2170.000	101.221
2180.000	101.294
2190.000	101.147
2200.000	101.440
2210.000	101.587
2220.000	101.147
2230.000	101.367
2240.000	101.587
2250.000	102.718
2260.000	102.718
2270.000	101.773
2280.000	101.406
2290.000	101.773
2300.000	101.846
2310.000	101.846
2320.000	102.066
2330.000	101.992
2340.000	101.553
2350.000	101.846
2360.000	100.788
2370.000	101.514
2380.000	101.880
2390.000	101.514
2400.000	101.001
2410.000	101.074
2420.000	101.440
2430.000	101.147
2440.000	101.440
2450.000	101.440
2460.000	100.928
2470.000	100.781
2480.000	100.928
2490.000	100.708
2500.000	100.854
2510.000	101.074
2520.000	100.342
2530.000	100.269
2540.000	100.269
2550.000	99.902
2560.000	100.049
2570.000	100.195
2580.000	99.536
2590.000	99.902
2600.000	100.049
2610.000	99.097
2620.000	99.243
2630.000	99.683
2640.000	99.023
2650.000	99.023
2660.000	99.023
2670.000	98.511
2680.000	99.023
2690.000	98.657
2700.000	99.211
2710.000	99.357
2720.000	98.731
2730.000	98.145
2740.000	98.511
2750.000	98.585
2760.000	99.439
2770.000	99.586
2780.000	98.927
2790.000	98.780
2800.000	97.787
2810.000	97.934
2820.000	99.487
2830.000	99.707
2840.000	99.201
2850.000	98.835
2860.000	97.907
2870.000	98.127
2880.000	99.592
2890.000	99.738
2900.000	99.259
2910.000	99.128
2920.000	99.128
2930.000	98.629
2940.000	98.842
2950.000	99.135
2960.000	99.208
2970.000	100.323
2980.000	99.151
2990.000	98.392
3000.000	98.725
3010.000	99.018
3020.000	98.147
3030.000	99.501
3040.000	99.648
3050.000	98.955
3060.000	98.662
3070.000	97.474
3080.000	97.474
3090.000	99.080
3100.000	99.226
3110.000	98.334
3120.000	98.879
3130.000	97.805
3140.000	97.312
3150.000	97.712
3160.000	97.712
3170.000	97.419
3180.000	97.272
3190.000	96.206
3200.000	96.279
3210.000	98.099
3220.000	97.115
3230.000	96.702
3240.000	96.535
3250.000	96.609
3260.000	96.682
3270.000	97.349
3280.000	97.203
3290.000	96.730
3300.000	96.217
3310.000	94.997
3320.000	94.997
3330.000	96.239
3340.000	96.679
3350.000	96.140
3360.000	95.847
3370.000	95.033
3380.000	95.033
3390.000	96.409
3400.000	96.702
3410.000	96.302
3420.000	96.083
3430.000	95.253
3440.000	95.399
3450.000	96.842
3460.000	97.061
3470.000	96.396
3480.000	97.291
3490.000	96.387
3500.000	95.788
3510.000	96.114
3520.000	96.261
3530.000	96.261
3540.000	97.099
3550.000	96.123
3560.000	95.716
3570.000	96.236
3580.000	95.267
3590.000	95.341
3600.000	96.998
3610.000	96.998
3620.000	96.532
3630.000	96.019
3640.000	95.181
3650.000	95.401
3660.000	96.710
3670.000	96.857
3680.000	96.397
3690.000	96.031
3700.000	94.826
3710.000	95.046
3720.000	95.293
3730.000	95.512
3740.000	95.439
3750.000	95.000
3760.000	93.877
3770.000	93.877
3780.000	94.189
3790.000	94.263
3800.000	94.409
3810.000	93.970
3820.000	93.970
3830.000	94.189
3840.000	93.750
3850.000	93.677
3860.000	93.970
3870.000	93.530
3880.000	93.530
3890.000	93.750
3900.000	93.311
3910.000	93.311
3920.000	93.604
3930.000	93.164
3940.000	93.164
3950.000	93.457
3960.000	92.944
3970.000	93.018
3980.000	93.311
3990.000	92.798
4000.000	92.944
4010.000	93.311
4020.000	92.725
4030.000	92.725
4040.000	93.164
4050.000	92.578
4060.000	92.651
4070.000	93.164
4080.000	92.578
4090.000	92.798
4100.000	93.311
4110.000	92.651
4120.000	92.944
4130.000	93.384
4140.000	92.725
4150.000	93.164
4160.000	93.457
4170.000	92.944
4180.000	93.164
4190.000	93.384
4200.000	92.798
4210.000	93.164
4220.000	93.311
4230.000	92.944
4240.000	93.237
4250.000	93.384
4260.000	92.798
4270.000	92.871
4280.000	93.237
4290.000	92.798
4300.000	92.871
4310.000	93.164
4320.000	92.725
4330.000	92.432
4340.000	92.651
4350.000	92.065
4360.000	92.285
4370.000	92.505
4380.000	91.992
4390.000	92.139
4400.000	92.285
4410.000	91.772
4420.000	91.846
4430.000	92.358
4440.000	91.772
4450.000	91.626
4460.000	91.846
4470.000	91.187
4480.000	91.260
4490.000	91.406
4500.000	90.894
4510.000	90.894
4520.000	91.040
4530.000	90.308
4540.000	90.454
4550.000	90.894
4560.000	90.454
4570.000	90.747
4580.000	90.967
4590.000	90.983
4600.000	90.983
4610.000	90.424
4620.000	90.058
4630.000	90.351
4640.000	90.570
4650.000	89.984
4660.000	90.058
4670.000	90.058
4680.000	90.611
4690.000	91.197
4700.000	89.902
4710.000	91.226
4720.000	91.226
4730.000	91.226
4740.000	91.007
4750.000	91.519
4760.000	91.519
4770.000	91.519
4780.000	90.453
4790.000	90.453
4800.000	91.073
4810.000	90.527
4820.000	90.527
4830.000	90.747
4840.000	90.674
4850.000	90.674
4860.000	90.747
4870.000	90.308
4880.000	90.308
4890.000	90.454
4900.000	90.381
4910.000	90.381
4920.000	90.088
4930.000	89.868
4940.000	89.868
4950.000	89.941
4960.000	90.088
4970.000	90.088
4980.000	90.234
4990.000	89.648
5000.000	89.648
5010.000	89.575
5020.000	89.722
5030.000	89.382
5040.000	88.869
5050.000	88.576
5060.000	88.503
5070.000	89.423
5080.000	89.276
5090.000	88.950
5100.000	88.364
5110.000	88.218
5120.000	88.218
5130.000	89.135
5140.000	89.355
5150.000	88.955
5160.000	88.662
5170.000	87.523
5180.000	87.303
5190.000	88.517
5200.000	89.029
5210.000	88.563
5220.000	87.977
5230.000	87.399
5240.000	87.473
5250.000	88.442
5260.000	88.369
5270.000	87.836
5280.000	87.689
5290.000	86.656
5300.000	86.729
5310.000	88.172
5320.000	88.318
5330.000	87.646
5340.000	87.353
5350.000	87.581
5360.000	87.581
5370.000	88.187
5380.000	88.626
5390.000	88.846
5400.000	88.406
5410.000	87.430
5420.000	87.257
5430.000	87.636
5440.000	87.563
5450.000	87.709
5460.000	88.116
5470.000	87.823
5480.000	87.144
5490.000	86.851
5500.000	87.144
5510.000	87.437
5520.000	87.537
5530.000	87.903
5540.000	88.416
5550.000	87.976
5560.000	86.552
5570.000	87.065
5580.000	87.524
5590.000	87.451
5600.000	87.598
5610.000	87.305
5620.000	87.451
5630.000	87.378
5640.000	86.865
5650.000	87.085
5660.000	87.451
5670.000	86.938
5680.000	87.085
5690.000	87.524
5700.000	86.719
5710.000	86.646
5720.000	86.938
5730.000	86.426
5740.000	86.646
5750.000	86.865
5760.000	86.206
5770.000	86.279
5780.000	86.279
5790.000	85.693
5800.000	86.206
5810.000	86.426
5820.000	85.547
5830.000	85.767
5840.000	85.693
5850.000	85.107
5860.000	85.693
5870.000	85.620
5880.000	85.034
5890.000	85.254
5900.000	85.107
5910.000	85.612
5920.000	85.832
5930.000	85.319
5940.000	85.026
5950.000	84.880
5960.000	85.099
5970.000	84.660
5980.000	84.733
5990.000	84.880
6000.000	85.498
6010.000	84.701
6020.000	84.621
6030.000	84.547
6040.000	84.694
6050.000	84.840
6060.000	85.345
6070.000	85.784
6080.000	85.225
6090.000	85.005
6100.000	84.240
6110.000	84.167
6120.000	85.728
6130.000	85.948
6140.000	85.369
6150.000	85.369
6160.000	84.278
6170.000	84.351
6180.000	85.920
6190.000	85.773
6200.000	85.547
6210.000	85.254
6220.000	84.139
6230.000	84.578
6240.000	85.622
6250.000	85.768
6260.000	85.209
6270.000	85.062
6280.000	84.273
6290.000	84.273
6300.000	85.508
6310.000	85.362
6320.000	84.849
6330.000	84.703
6340.000	83.873
6350.000	83.946
6360.000	85.189
6370.000	85.189
6380.000	84.676
6390.000	84.310
6400.000	83.374
6410.000	83.521
6420.000	84.904
6430.000	84.611
6440.000	84.265
6450.000	83.825
6460.000	83.068
6470.000	83.142
6480.000	83.874
6490.000	84.387
6500.000	83.688
6510.000	83.688
6520.000	82.304
6530.000	83.297
6540.000	83.424
6550.000	83.643
6560.000	83.643
6570.000	83.350
6580.000	82.691
6590.000	82.691
6600.000	83.024
6610.000	83.024
6620.000	82.625
6630.000	81.559
6640.000	82.446
6650.000	81.667
6660.000	81.520
6670.000	81.593
6680.000	81.740
6690.000	81.227
6700.000	81.154
6710.000	81.520
6720.000	81.700
6730.000	81.846
6740.000	81.252
6750.000	81.738
6760.000	81.812
6770.000	81.885
6780.000	81.445
6790.000	82.031
6800.000	82.251
6810.000	81.738
6820.000	81.885
6830.000	82.324
6840.000	81.958
6850.000	81.885
6860.000	82.178
6870.000	81.958
6880.000	82.031
6890.000	82.104
6900.000	81.812
6910.000	82.178
6920.000	82.471
6930.000	81.738
6940.000	81.885
6950.000	82.251
6960.000	81.812
6970.000	81.958
6980.000	82.251
6990.000	81.958
7000.000	82.031
7010.000	82.031
7020.000	81.519
7030.000	81.958
7040.000	82.031
7050.000	81.519
7060.000	81.738
7070.000	82.031
7080.000	81.445
7090.000	81.372
7100.000	81.665
7110.000	81.299
7120.000	81.445
7130.000	81.299
7140.000	81.226
7150.000	81.006
7160.000	81.299
7170.000	80.420
7180.000	81.006
7190.000	80.933
7200.000	80.493
7210.000	80.566
7220.000	80.786
7230.000	80.273
7240.000	80.127
7250.000	80.786
7260.000	80.054
7270.000	80.127
7280.000	80.273
7290.000	79.834
7300.000	79.761
7310.000	79.907
7320.000	79.541
7330.000	79.687
7340.000	79.834
7350.000	79.395
7360.000	79.468
7370.000	79.541
7380.000	79.248
7390.000	79.321
7400.000	79.687
7410.000	79.248
7420.000	79.102
7430.000	79.321
7440.000	79.102
7450.000	78.735
7460.000	79.321
7470.000	79.175
7480.000	78.809
7490.000	79.321
7500.000	78.809
7510.000	78.955
7520.000	79.321
7530.000	78.882
7540.000	79.248
7550.000	79.468
7560.000	78.809
7570.000	79.248
7580.000	79.395
7590.000	79.028
7600.000	79.395
7610.000	79.468
7620.000	79.248
7630.000	79.321
7640.000	79.468
7650.000	79.102
7660.000	79.468
7670.000	79.468
7680.000	79.858
7690.000	79.858
7700.000	79.532
7710.000	78.873
7720.000	79.093
7730.000	79.459
7740.000	79.410
7750.000	79.923
7760.000	79.543
7770.000	78.884
7780.000	78.493
7790.000	78.493
7800.000	79.300
7810.000	79.813
7820.000	79.153
7830.000	78.860
7840.000	78.397
7850.000	78.030
7860.000	79.443
7870.000	79.443
7880.000	78.724
7890.000	78.724
7900.000	77.951
7910.000	77.731
7920.000	78.391
7930.000	78.171
7940.000	78.024
7950.000	78.879
7960.000	77.845
7970.000	77.845
7980.000	78.271
7990.000	78.345
8000.000	78.345
8010.000	78.125
8020.000	78.125
8030.000	78.125
8040.000	77.359
8050.000	76.432
8060.000	76.725
8070.000	76.358
8080.000	76.432
8090.000	76.285
8100.000	76.749
8110.000	77.042
8120.000	76.476
8130.000	75.963
8140.000	77.665
8150.000	77.106
8160.000	76.373
8170.000	76.739
8180.000	76.886
8190.000	76.666
8200.000	75.690
8210.000	75.690
8220.000	77.110
8230.000	77.183
8240.000	75.681
8250.000	76.241
8260.000	76.387
8270.000	76.387
8280.000	76.770
8290.000	76.916
8300.000	76.969
8310.000	76.530
8320.000	75.529
8330.000	75.968
8340.000	77.063
8350.000	77.137
8360.000	76.850
8370.000	76.557
8380.000	76.028
8390.000	75.955
8400.000	76.048
8410.000	76.781
8420.000	76.634
8430.000	77.106
8440.000	76.431
8450.000	76.131
8460.000	76.344
8470.000	76.417
8480.000	76.198
8490.000	77.435
8500.000	77.362
8510.000	76.436
8520.000	76.582
8530.000	75.818
8540.000	75.964
8550.000	76.793
8560.000	76.793
8570.000	76.779
8580.000	76.413
8590.000	75.323
8600.000	75.396
8610.000	76.720
8620.000	76.867
8630.000	76.174
8640.000	75.808
8650.000	75.352
8660.000	75.352
8670.000	76.196
8680.000	76.196
8690.000	76.196
8700.000	76.342
8710.000	75.284
8720.000	75.284
8730.000	75.684
8740.000	75.757
8750.000	75.537
8760.000	75.610
8770.000	74.854
8780.000	74.387
8790.000	74.241
8800.000	73.875
8810.000	73.875
8820.000	74.632
8830.000	74.558
8840.000	74.152
8850.000	73.786
8860.000	73.566
8870.000	73.713
8880.000	74.748
8890.000	74.895
8900.000	74.422
8910.000	74.202
8920.000	73.153
8930.000	73.079
8940.000	74.389
8950.000	74.682
8960.000	74.416
8970.000	73.756
8980.000	73.113
8990.000	72.967
9000.000	74.099
9010.000	74.245
9020.000	73.919
9030.000	74.139
9040.000	73.016
9050.000	72.943
9060.000	73.860
9070.000	74.153
9080.000	73.960
9090.000	73.740
9100.000	73.301
9110.000	73.154
9120.000	74.286
9130.000	74.140
9140.000	73.820
9150.000	73.747
9160.000	73.096
9170.000	73.389
9180.000	74.225
9190.000	74.298
9200.000	74.298
9210.000	74.371
9220.000	73.712
9230.000	73.712
9240.000	74.618
9250.000	74.398
9260.000	74.471
9270.000	74.105
9280.000	73.315
9290.000	73.315
9300.000	73.389
9310.000	73.682
9320.000	73.682
9330.000	73.682
9340.000	73.169
9350.000	73.389
9360.000	73.315
9370.000	73.242
9380.000	73.109
9390.000	72.596
9400.000	73.142
9410.000	73.361
9420.000	73.361
9430.000	73.068
9440.000	73.068
9450.000	72.922
9460.000	72.849
9470.000	72.995
9480.000	72.909
9490.000	73.714
9500.000	71.990
9510.000	72.064
9520.000	71.697
9530.000	71.990
9540.000	71.771
9550.000	71.844
9560.000	71.844
9570.000	71.478
9580.000	71.551
9590.000	71.404
9600.000	71.704
9610.000	71.484
9620.000	72.070
9630.000	71.484
9640.000	71.631
9650.000	71.558
9660.000	71.558
9670.000	71.558
9680.000	71.777
9690.000	71.191
9700.000	71.411
9710.000	71.484
9720.000	70.898
9730.000	71.118
9740.000	71.118
9750.000	71.590
9760.000	71.444
9770.000	71.077
9780.000	70.711
9790.000	70.931
9800.000	70.785
9810.000	71.330
9820.000	71.403
9830.000	70.964
9840.000	70.744
9850.000	70.052
9860.000	70.272
9870.000	70.492
9880.000	70.638
9890.000	70.785
9900.000	70.711
9910.000	70.020
9920.000	70.166
9930.000	70.532
9940.000	70.605
9950.000	70.898
9960.000	70.532
9970.000	70.752
9980.000	70.752
9990.000	70.532
10000.000	70.679
10010.000	71.118
10020.000	70.605
10030.000	70.679
10040.000	70.972
10050.000	70.752
10060.000	70.605
10070.000	71.118
10080.000	70.679
10090.000	70.898
10100.000	70.898
10110.000	70.605
10120.000	70.752
10130.000	71.191
10140.000	70.459
10150.000	70.752
10160.000	70.752
10170.000	71.102
10180.000	71.322
10190.000	71.322
10200.000	71.102
10210.000	70.955
10220.000	70.955
10230.000	70.736
10240.000	70.882
10250.000	70.882
10260.000	70.955
10270.000	70.166
10280.000	70.166
10290.000	70.020
10300.000	69.727
10310.000	69.727
10320.000	70.093
10330.000	69.800
10340.000	69.800
10350.000	69.580
10360.000	69.507
10370.000	69.507
10380.000	69.580
10390.000	69.580
10400.000	69.580
10410.000	69.434
10420.000	69.360
10430.000	69.360
10440.000	69.434
10450.000	69.214
10460.000	69.214
10470.000	68.994
10480.000	68.302
10490.000	68.302
10500.000	68.676
10510.000	68.676
10520.000	68.177
10530.000	68.030
10540.000	67.884
10550.000	68.323
10560.000	67.884
10570.000	68.030
10580.000	67.957
10590.000	68.251
10600.000	68.251
10610.000	67.891
10620.000	68.024
10630.000	68.097
10640.000	68.244
10650.000	67.805
10660.000	68.097
10670.000	68.097
10680.000	67.951
10690.000	67.658
10700.000	67.756
10710.000	67.529
10720.000	67.822
10730.000	68.115
10740.000	67.676
10750.000	67.969
10760.000	67.969
10770.000	67.969
10780.000	67.749
10790.000	68.335
10800.000	67.529
10810.000	68.115
10820.000	68.115
10830.000	67.749
10840.000	68.115
10850.000	68.042
10860.000	67.896
10870.000	67.749
10880.000	68.481
10890.000	67.676
10900.000	68.042
10910.000	68.115
10920.000	67.969
10930.000	67.969
10940.000	68.042
10950.000	67.969
10960.000	67.896
10970.000	68.188
10980.000	67.529
10990.000	68.115
11000.000	67.969
11010.000	67.676
11020.000	67.822
11030.000	68.042
11040.000	67.676
11050.000	67.603
11060.000	68.115
11070.000	67.529
11080.000	67.676
11090.000	67.456
11100.000	67.456
11110.000	67.529
11120.000	67.529
11130.000	67.383
11140.000	67.310
11150.000	67.603
11160.000	66.724
11170.000	67.017
11180.000	67.090
11190.000	67.017
11200.000	67.236
11210.000	67.163
11220.000	66.797
11230.000	66.504
11240.000	66.870
11250.000	66.357
11260.000	66.650
11270.000	66.943
11280.000	66.211
11290.000	66.211
11300.000	66.284
11310.000	65.991
11320.000	66.284
11330.000	66.504
11340.000	65.845
11350.000	65.845
11360.000	66.064
11370.000	65.698
11380.000	65.771
11390.000	65.918
11400.000	65.552
11410.000	65.698
11420.000	65.698
11430.000	65.186
11440.000	65.479
11450.000	65.625
11460.000	65.259
11470.000	65.186
11480.000	65.479
11490.000	65.112
11500.000	65.259
11510.000	65.259
11520.000	64.819
11530.000	65.112
11540.000	65.259
11550.000	65.039
11560.000	64.819
11570.000	64.819
11580.000	64.819
11590.000	64.966
11600.000	65.112
11610.000	64.600
11620.000	64.746
11630.000	65.259
11640.000	64.673
11650.000	64.673
11660.000	65.039
11670.000	64.893
11680.000	65.039
11690.000	65.039
11700.000	64.600
11710.000	65.039
11720.000	65.259
11730.000	64.819
11740.000	64.746
11750.000	65.039
11760.000	64.966
11770.000	64.966
11780.000	65.259
11790.000	64.819
11800.000	64.966
11810.000	65.259
11820.000	64.819
11830.000	64.746
11840.000	65.259
11850.000	64.893
11860.000	65.112
11870.000	65.039
11880.000	64.453
11890.000	65.039
11900.000	65.112
11910.000	64.673
11920.000	64.673
11930.000	65.039
11940.000	64.893
11950.000	64.673
11960.000	64.600
11970.000	64.600
11980.000	64.819
11990.000	65.039
12000.000	64.233
12010.000	64.453
12020.000	64.966
12030.000	64.014
12040.000	64.087
12050.000	64.673
12060.000	64.307
12070.000	64.233
12080.000	64.307
12090.000	63.794
12100.000	64.380
12110.000	64.233
12120.000	63.647
12130.000	64.307
12140.000	64.233
12150.000	63.574
12160.000	63.794
12170.000	63.940
12180.000	63.501
12190.000	63.428
12200.000	63.647
12210.000	63.428
12220.000	63.354
12230.000	63.428
12240.000	63.208
12250.000	63.208
12260.000	63.281
12270.000	63.135
12280.000	62.915
12290.000	63.208
12300.000	62.915
12310.000	62.695
12320.000	62.988
12330.000	62.769
12340.000	62.476
12350.000	62.915
12360.000	62.549
12370.000	62.256
12380.000	62.842
12390.000	62.476
12400.000	62.036
12410.000	62.695
12420.000	62.549
12430.000	62.036
12440.000	62.549
12450.000	62.109
12460.000	62.036
12470.000	62.476
12480.000	62.183
12490.000	61.963
12500.000	62.476
12510.000	61.890
12520.000	61.816
12530.000	62.329
12540.000	61.816
12550.000	62.036
12560.000	62.329
12570.000	61.743
12580.000	61.890
12590.000	62.109
12600.000	61.743
12610.000	62.109
12620.000	62.109
12630.000	61.816
12640.000	62.256
12650.000	62.109
12660.000	61.816
12670.000	62.183
12680.000	61.963
12690.000	61.890
12700.000	62.256
12710.000	61.963
12720.000	61.963
12730.000	62.183
12740.000	61.816
12750.000	62.663
12760.000	62.663
12770.000	62.163
12780.000	62.163
12790.000	62.163
12800.000	62.163
12810.000	62.237
12820.000	62.017
12830.000	62.090
12840.000	62.163
12850.000	61.317
12860.000	61.610
12870.000	61.743
12880.000	61.670
12890.000	62.183
12900.000	61.597
12910.000	61.523
12920.000	62.036
12930.000	61.450
12940.000	61.597
12950.000	62.109
12960.000	61.230
12970.000	61.597
12980.000	61.890
12990.000	61.011
13000.000	61.304
13010.000	61.450
13020.000	61.084
13030.000	61.230
13040.000	61.304
13050.000	60.791
13060.000	61.011
13070.000	61.157
13080.000	60.645
13090.000	60.937
13100.000	61.011
13110.000	60.645
13120.000	60.791
13130.000	60.645
13140.000	60.425
13150.000	60.352
13160.000	60.645
13170.000	60.205
13180.000	60.205
13190.000	60.498
13200.000	59.985
13210.000	60.205
13220.000	60.059
13230.000	60.205
13240.000	60.433
13250.000	60.433
13260.000	60.506
13270.000	60.506
13280.000	60.506
13290.000	59.920
13300.000	60.140
13310.000	60.140
13320.000	59.993
13330.000	60.286
13340.000	60.286
13350.000	59.326
13360.000	59.326
13370.000	59.326
13380.000	59.253
13390.000	59.106
13400.000	59.106
13410.000	59.326
13420.000	59.033
13430.000	59.033
13440.000	58.887
13450.000	58.960
13460.000	58.960
13470.000	59.180
13480.000	59.180
13490.000	59.180
13500.000	58.887
13510.000	58.740
13520.000	58.740
13530.000	59.253
13540.000	58.740
13550.000	58.740
13560.000	58.813
13570.000	58.887
13580.000	58.887
13590.000	58.740
13600.000	59.180
13610.000	59.180
13620.000	58.813
13630.000	58.960
13640.000	58.960
13650.000	58.960
13660.000	58.813
13670.000	58.394
13680.000	58.866
13690.000	59.086
13700.000	58.626
13710.000	58.260
13720.000	58.773
13730.000	58.626
13740.000	59.033
13750.000	59.106
13760.000	59.106
13770.000	59.526
13780.000	58.834
13790.000	58.834
13800.000	59.513
13810.000	59.220
13820.000	59.220
13830.000	59.294
13840.000	58.887
13850.000	58.887
13860.000	58.813
13870.000	58.887
13880.000	58.887
13890.000	58.667
13900.000	58.594
13910.000	58.594
13920.000	58.667
13930.000	58.374
13940.000	58.374
13950.000	58.374
13960.000	58.521
13970.000	58.521
13980.000	58.228
13990.000	58.228
14000.000	58.228
14010.000	58.374
14020.000	58.154
14030.000	58.154
14040.000	58.154
14050.000	57.788
14060.000	57.788
14070.000	58.008
14080.000	58.228
14090.000	58.228
14100.000	57.502
14110.000	57.209
14120.000	57.502
14130.000	57.209
14140.000	57.355
14150.000	56.843
14160.000	57.136
14170.000	56.916
14180.000	57.429
14190.000	56.623
14200.000	57.202
14210.000	57.349
14220.000	57.129
14230.000	57.202
14240.000	56.982
14250.000	57.056
14260.000	56.836
14270.000	57.275
14280.000	56.543
14290.000	56.689
14300.000	56.982
14310.000	56.543
14320.000	56.689
14330.000	56.543
14340.000	56.470
14350.000	56.470
14360.000	56.543
14370.000	56.177
14380.000	56.323
14390.000	56.543
14400.000	56.104
14410.000	56.177
14420.000	56.396
14430.000	56.104
14440.000	56.104
14450.000	56.323
14460.000	55.957
14470.000	55.811
14480.000	56.177
14490.000	55.811
14500.000	55.957
14510.000	56.177
14520.000	55.591
14530.000	56.592
14540.000	56.092
14550.000	55.653
14560.000	55.946
14570.000	56.092
14580.000	55.873
14590.000	56.019
14600.000	55.946
14610.000	55.799
14620.000	55.799
14630.000	55.384
14640.000	55.884
14650.000	55.737
14660.000	55.957
14670.000	55.664
14680.000	55.591
14690.000	55.957
14700.000	55.664
14710.000	55.737
14720.000	55.957
14730.000	55.444
14740.000	55.811
14750.000	55.957
14760.000	55.518
14770.000	55.811
14780.000	55.884
14790.000	55.811
14800.000	55.811
14810.000	55.737
14820.000	55.737
14830.000	55.737
14840.000	55.957
14850.000	55.811
14860.000	55.737
14870.000	55.884
14880.000	55.591
14890.000	55.371
14900.000	55.884
14910.000	55.664
14920.000	55.444
14930.000	55.811
14940.000	55.078
14950.000	55.518
14960.000	55.884
14970.000	55.151
14980.000	55.444
14990.000	55.371
15000.000	55.526
15010.000	55.639
15020.000	55.492
15030.000	55.647
15040.000	55.574
15050.000	55.574
15060.000	55.354
15070.000	55.867
15080.000	55.221
15090.000	55.001
15100.000	54.700
15110.000	54.660
15120.000	55.409
15130.000	55.108
15140.000	54.469
15150.000	54.322
15160.000	54.395
15170.000	54.102
15180.000	55.049
15190.000	55.415
15200.000	54.770
15210.000	54.403
15220.000	53.874
15230.000	53.655
15240.000	54.668
15250.000	54.961
15260.000	54.455
15270.000	54.235
15280.000	53.495
15290.000	53.422
15300.000	54.287
15310.000	54.507
15320.000	54.274
15330.000	53.981
15340.000	53.314
15350.000	52.947
15360.000	53.909
15370.000	54.056
15380.000	53.849
15390.000	53.703
15400.000	53.190
15410.000	53.044
15420.000	53.399
15430.000	53.765
15440.000	53.485
15450.000	53.412
15460.000	52.663
15470.000	52.956
15480.000	53.822
15490.000	53.456
15500.000	52.970
15510.000	53.043
15520.000	52.848
15530.000	52.701
15540.000	52.834
15550.000	53.200
15560.000	53.127
15570.000	52.688
15580.000	52.029
15590.000	52.615
15600.000	52.881
15610.000	52.734
15620.000	52.881
15630.000	52.734
15640.000	52.808
15650.000	52.515
15660.000	52.441
15670.000	52.588
15680.000	52.881
15690.000	52.295
15700.000	52.295
15710.000	52.954
15720.000	52.441
15730.000	52.441
15740.000	52.295
15750.000	52.954
15760.000	53.174
15770.000	52.828
15780.000	52.461
15790.000	52.754
15800.000	53.047
15810.000	52.950
15820.000	53.023
15830.000	52.750
15840.000	52.896
15850.000	52.310
15860.000	52.091
15870.000	53.104
15880.000	53.324
15890.000	52.905
15900.000	52.465
15910.000	52.050
15920.000	52.343
15930.000	53.112
15940.000	53.112
15950.000	52.833
15960.000	53.052
15970.000	52.165
15980.000	52.019
15990.000	52.707
16000.000	53.000
16010.000	52.794
16020.000	52.427
16030.000	52.004
16040.000	52.151
16050.000	53.016
16060.000	52.723
16070.000	52.464
16080.000	52.244
16090.000	52.049
16100.000	51.975
16110.000	52.597
16120.000	52.670
16130.000	52.457
16140.000	52.384
16150.000	51.578
16160.000	51.578
16170.000	52.318
16180.000	52.538
16190.000	51.978
16200.000	51.832
16210.000	51.270
16220.000	51.270
16230.000	52.151
16240.000	52.077
16250.000	51.818
16260.000	51.671
16270.000	51.191
16280.000	51.191
16290.000	52.027
16300.000	52.100
16310.000	51.774
16320.000	51.701
16330.000	50.741
16340.000	51.034
16350.000	51.147
16360.000	51.293
16370.000	51.293
16380.000	51.000
16390.000	50.284
16400.000	50.577
16410.000	50.757
16420.000	50.757
16430.000	50.903
16440.000	50.244
16450.000	50.391
16460.000	50.684
16470.000	50.610
16480.000	50.684
16490.000	50.830
16500.000	50.244
16510.000	50.244
16520.000	50.171
16530.000	50.024
16540.000	50.171
16550.000	50.464
16560.000	49.878
16570.000	49.878
16580.000	49.805
16590.000	50.212
16600.000	50.358
16610.000	50.245
16620.000	50.172
16630.000	50.172
16640.000	50.245
16650.000	50.188
16660.000	50.334
16670.000	49.815
16680.000	49.815
16690.000	49.188
16700.000	49.408
16710.000	49.985
16720.000	49.985
16730.000	49.599
16740.000	49.453
16750.000	49.143
16760.000	49.143
16770.000	50.216
16780.000	49.836
16790.000	49.983
16800.000	50.154
16810.000	49.763
16820.000	49.450
16830.000	49.617
16840.000	49.544
16850.000	49.470
16860.000	49.934
16870.000	49.381
16880.000	49.514
16890.000	49.294
16900.000	48.904
16910.000	48.830
16920.000	49.689
16930.000	49.835
16940.000	49.595
16950.000	49.449
16960.000	49.058
16970.000	48.985
16980.000	50.021
16990.000	50.021
17000.000	49.768
17010.000	50.069
17020.000	49.524
17030.000	49.211
17040.000	49.377
17050.000	49.906
17060.000	49.586
17070.000	49.440
17080.000	48.797
17090.000	49.017
17100.000	49.660
17110.000	49.359
17120.000	48.980
17130.000	49.293
17140.000	49.293
17150.000	48.983
17160.000	49.612
17170.000	49.905
17180.000	49.512
17190.000	49.993
17200.000	49.382
17210.000	49.382
17220.000	49.689
17230.000	49.762
17240.000	49.762
17250.000	49.615
17260.000	48.867
17270.000	48.867
17280.000	49.113
17290.000	48.633
17300.000	48.633
17310.000	48.633
17320.000	48.560
17330.000	48.560
17340.000	48.706
17350.000	48.779
17360.000	48.779
17370.000	48.779
17380.000	48.486
17390.000	48.486
17400.000	48.340
17410.000	48.267
17420.000	48.267
17430.000	48.193
17440.000	48.120
17450.000	48.014
17460.000	47.794
17470.000	47.794
17480.000	47.867
17490.000	48.233
17500.000	48.307
17510.000	47.934
17520.000	47.934
17530.000	47.714
17540.000	47.641
17550.000	47.601
17560.000	47.747
17570.000	47.601
17580.000	47.975
17590.000	47.536
17600.000	47.163
17610.000	47.243
17620.000	47.243
17630.000	47.316
17640.000	47.690
17650.000	47.690
17660.000	47.324
17670.000	47.178
17680.000	46.730
17690.000	46.657
17700.000	47.404
17710.000	47.477
17720.000	47.178
17730.000	47.031
17740.000	46.510
17750.000	46.437
17760.000	47.251
17770.000	47.251
17780.000	46.951
17790.000	46.805
17800.000	46.284
17810.000	46.284
17820.000	47.031
17830.000	47.104
17840.000	46.811
17850.000	46.592
17860.000	45.998
17870.000	46.144
17880.000	46.891
17890.000	46.891
17900.000	46.598
17910.000	46.379
17920.000	45.711
17930.000	45.711
17940.000	46.444
17950.000	46.517
17960.000	46.297
17970.000	45.931
17980.000	45.337
17990.000	45.483
18000.000	45.776
18010.000	45.996
18020.000	46.069
18030.000	46.501
18040.000	45.915
18050.000	45.775
18060.000	45.921
18070.000	46.068
18080.000	46.214
18090.000	46.141
18100.000	45.995
18110.000	46.141
18120.000	45.995
18130.000	45.490
18140.000	45.637
18150.000	45.703
18160.000	45.703
18170.000	45.850
18180.000	46.053
18190.000	46.126
18200.000	45.913
18210.000	45.620
18220.000	45.694
18230.000	45.767
18240.000	46.125
18250.000	46.418
18260.000	46.138
18270.000	46.065
18280.000	45.642
18290.000	45.715
18300.000	46.351
18310.000	46.498
18320.000	46.285
18330.000	46.211
18340.000	45.634
18350.000	45.634
18360.000	46.255
18370.000	46.402
18380.000	46.055
18390.000	45.762
18400.000	45.193
18410.000	45.266
18420.000	45.821
18430.000	45.894
18440.000	45.688
18450.000	45.468
18460.000	45.126
18470.000	45.053
18480.000	45.399
18490.000	45.546
18500.000	45.839
18510.000	45.546
18520.000	45.277
18530.000	45.131
18540.000	45.671
18550.000	45.671
18560.000	45.391
18570.000	45.244
18580.000	45.318
18590.000	45.244
18600.000	45.603
18610.000	45.676
18620.000	45.323
18630.000	45.323
18640.000	45.136
18650.000	45.136
18660.000	45.920
18670.000	45.700
18680.000	45.347
18690.000	45.054
18700.000	44.403
18710.000	44.403
18720.000	45.025
18730.000	44.685
18740.000	44.612
18750.000	45.027
18760.000	44.303
18770.000	44.249
18780.000	44.236
18790.000	44.529
18800.000	44.602
18810.000	45.099
18820.000	44.610
18830.000	44.744
18840.000	44.451
18850.000	43.962
18860.000	43.816
18870.000	44.422
18880.000	44.569
18890.000	44.229
18900.000	44.083
18910.000	43.440
18920.000	43.440
18930.000	43.817
18940.000	43.964
18950.000	43.697
18960.000	43.917
18970.000	43.990
18980.000	43.990
18990.000	44.110
19000.000	43.891
19010.000	43.891
19020.000	43.817
19030.000	43.240
19040.000	43.840
19050.000	43.621
19060.000	43.140
19070.000	43.140
19080.000	42.994
19090.000	43.140
19100.000	43.021
19110.000	43.094
19120.000	42.947
19130.000	42.987
19140.000	43.386
19150.000	42.906
19160.000	42.859
19170.000	42.640
19180.000	42.566
19190.000	42.347
19200.000	43.020
19210.000	43.166
19220.000	43.120
19230.000	43.120
19240.000	42.428
19250.000	42.355
19260.000	42.865
19270.000	43.158
19280.000	42.972
19290.000	42.898
19300.000	42.199
19310.000	42.199
19320.000	42.790
19330.000	42.937
19340.000	42.904
19350.000	42.684
19360.000	42.293
19370.000	42.220
19380.000	42.797
19390.000	42.797
19400.000	42.691
19410.000	42.471
19420.000	42.072
19430.000	42.145
19440.000	42.789
19450.000	42.789
19460.000	42.536
19470.000	42.389
19480.000	41.999
19490.000	42.145
19500.000	42.626
19510.000	42.773
19520.000	42.513
19530.000	42.440
19540.000	41.976
19550.000	42.122
19560.000	42.603
19570.000	42.750
19580.000	42.497
19590.000	42.350
19600.000	41.976
19610.000	41.903
19620.000	42.236
19630.000	42.309
19640.000	42.455
19650.000	42.594
19660.000	42.293
19670.000	41.966
19680.000	42.146
19690.000	42.293
19700.000	42.293
19710.000	42.683
19720.000	42.683
19730.000	42.683
19740.000	42.537
19750.000	42.252
19760.000	42.252
19770.000	42.578
19780.000	42.578
19790.000	42.578
19800.000	42.505
19810.000	42.187
19820.000	42.187
19830.000	41.655
19840.000	41.801
19850.000	41.655
19860.000	41.801
19870.000	41.582
19880.000	41.801
19890.000	41.435
19900.000	41.508
19910.000	41.728
19920.000	41.508
19930.000	41.895
19940.000	41.748
19950.000	41.528
19960.000	41.602
19970.000	41.821
19980.000	41.455
19990.000	41.602
20000.000	41.895
20010.000	41.528
20020.000	41.528
20030.000	41.309
20040.000	41.235
20050.000	41.528
20060.000	41.675
20070.000	41.162
20080.000	41.235
20090.000	41.602
20100.000	41.235
20110.000	41.016
20120.000	40.942
20130.000	40.942
20140.000	40.942
20150.000	40.796
20160.000	41.113
20170.000	41.406
20180.000	41.300
20190.000	40.567
20200.000	40.641
20210.000	40.934
20220.000	41.064
20230.000	41.137
20240.000	40.897
20250.000	40.970
20260.000	40.067
20270.000	39.994
20280.000	40.556
20290.000	40.703
20300.000	40.396
20310.000	40.250
20320.000	40.193
20330.000	39.827
20340.000	40.359
20350.000	40.286
20360.000	40.213
20370.000	40.140
20380.000	39.684
20390.000	39.904
20400.000	40.259
20410.000	40.186
20420.000	39.873
20430.000	39.726
20440.000	39.970
20450.000	39.970
20460.000	39.970
20470.000	39.897
20480.000	39.897
20490.000	39.677
20500.000	39.702
20510.000	39.702
20520.000	39.575
20530.000	39.258
20540.000	39.258
20550.000	38.965
20560.000	39.478
20570.000	39.478
20580.000	39.111
20590.000	39.111
20600.000	39.111
20610.000	38.892
20620.000	39.404
20630.000	39.404
20640.000	38.965
20650.000	39.038
20660.000	39.038
20670.000	38.745
20680.000	39.185
20690.000	39.185
20700.000	38.965
20710.000	38.818
20720.000	38.818
20730.000	38.525
20740.000	39.258
20750.000	39.258
20760.000	38.745
20770.000	38.672
20780.000	38.672
20790.000	38.452
20800.000	38.892
20810.000	38.892
20820.000	38.818
20830.000	38.672
20840.000	38.672
20850.000	38.525
20860.000	38.818
20870.000	38.818
20880.000	38.672
20890.000	38.452
20900.000	38.452
20910.000	38.525
20920.000	38.379
20930.000	38.379
20940.000	38.599
20950.000	38.306
20960.000	38.306
20970.000	38.599
20980.000	38.525
20990.000	38.525
21000.000	38.386
21010.000	38.166
21020.000	38.166
21030.000	38.532
21040.000	38.312
21050.000	38.239
21060.000	38.386
21070.000	38.019
21080.000	38.239
21090.000	38.532
21100.000	38.452
21110.000	38.745
21120.000	38.525
21130.000	38.306
21140.000	38.672
21150.000	38.599
21160.000	38.452
21170.000	38.672
21180.000	38.306
21190.000	38.232
21200.000	38.818
21210.000	38.379
21220.000	38.306
21230.000	38.672
21240.000	38.159
21250.000	38.452
21260.000	38.818
21270.000	38.232
21280.000	38.525
21290.000	38.379
21300.000	38.086
21310.000	38.599
21320.000	38.452
21330.000	38.159
21340.000	38.306
21350.000	38.013
21360.000	38.013
21370.000	38.306
21380.000	38.306
21390.000	38.159
21400.000	38.013
21410.000	37.939
21420.000	38.159
21430.000	38.013
21440.000	38.159
21450.000	38.013
21460.000	37.793
21470.000	38.159
21480.000	37.646
21490.000	37.793
21500.000	37.939
21510.000	37.720
21520.000	37.866
21530.000	37.866
21540.000	37.573
21550.000	37.573
21560.000	37.646
21570.000	37.427
21580.000	37.573
21590.000	37.646
21600.000	37.500
21610.000	37.427
21620.000	37.500
21630.000	37.207
21640.000	37.354
21650.000	37.280
21660.000	37.207
21670.000	37.549
21680.000	37.156
21690.000	37.335
21700.000	37.335
21710.000	37.262
21720.000	36.676
21730.000	36.969
21740.000	36.969
21750.000	37.042
21760.000	36.692
21770.000	36.692
21780.000	37.305
21790.000	36.906
21800.000	36.906
21810.000	36.833
21820.000	36.833
21830.000	36.833
21840.000	36.833
21850.000	36.035
21860.000	36.035
21870.000	36.401
21880.000	36.548
21890.000	36.548
21900.000	36.035
21910.000	35.962
21920.000	35.962
21930.000	36.255
21940.000	35.889
21950.000	35.889
21960.000	35.962
21970.000	36.182
21980.000	36.182
21990.000	35.596
22000.000	35.742
22010.000	35.742
22020.000	36.108
22030.000	35.522
22040.000	35.522
22050.000	35.596
22060.000	35.449
22070.000	35.449
22080.000	35.449
22090.000	35.669
22100.000	35.669
22110.000	35.449
22120.000	35.376
22130.000	35.376
22140.000	35.596
22150.000	35.229
22160.000	35.229
22170.000	35.229
22180.000	35.376
22190.000	35.136
22200.000	34.697
22210.000	34.990
22220.000	35.136
22230.000	35.275
22240.000	35.128
22250.000	34.895
22260.000	34.968
22270.000	34.968
22280.000	34.749
22290.000	35.444
22300.000	35.664
22310.000	35.144
22320.000	34.998
22330.000	34.640
22340.000	34.860
22350.000	35.296
22360.000	35.223
22370.000	35.190
22380.000	35.116
22390.000	34.514
22400.000	34.441
22410.000	35.188
22420.000	35.188
22430.000	35.095
22440.000	34.729
22450.000	34.745
22460.000	34.672
22470.000	35.071
22480.000	34.998
22490.000	35.104
22500.000	34.885
22510.000	34.584
22520.000	34.291
22530.000	35.312
22540.000	35.019
22550.000	34.832
22560.000	34.539
22570.000	34.539
22580.000	34.393
22590.000	34.970
22600.000	34.970
22610.000	35.056
22620.000	34.910
22630.000	34.275
22640.000	34.495
22650.000	35.153
22660.000	35.080
22670.000	34.747
22680.000	34.820
22690.000	34.576
22700.000	34.430
22710.000	34.644
22720.000	35.157
22730.000	34.837
22740.000	34.764
22750.000	34.585
22760.000	34.585
22770.000	34.918
22780.000	34.991
22790.000	34.525
22800.000	34.891
22810.000	34.297
22820.000	34.224
22830.000	34.772
22840.000	34.991
22850.000	34.758
22860.000	34.465
22870.000	34.246
22880.000	34.392
22890.000	34.419
22900.000	34.272
22910.000	34.785
22920.000	34.777
22930.000	34.549
22940.000	34.089
22950.000	34.542
22960.000	34.396
22970.000	34.396
22980.000	34.469
22990.000	35.055
23000.000	34.476
23010.000	34.256
23020.000	34.191
23030.000	33.971
23040.000	34.585
23050.000	34.365
23060.000	34.532
23070.000	34.312
23080.000	34.019
23090.000	33.433
23100.000	34.639
23110.000	34.273
23120.000	33.953
23130.000	34.173
23140.000	33.652
23150.000	33.799
23160.000	33.917
23170.000	34.210
23180.000	33.771
23190.000	34.129
23200.000	33.941
23210.000	33.941
23220.000	34.041
23230.000	34.188
23240.000	34.188
23250.000	33.748
23260.000	33.390
23270.000	33.390
23280.000	33.683
23290.000	33.252
23300.000	33.252
23310.000	33.325
23320.000	33.179
23330.000	33.179
23340.000	33.032
23350.000	33.179
23360.000	33.179
23370.000	32.959
23380.000	32.812
23390.000	32.812
23400.000	32.739
23410.000	32.666
23420.000	32.666
23430.000	32.593
23440.000	32.593
23450.000	32.593
23460.000	32.520
23470.000	32.446
23480.000	32.446
23490.000	32.520
23500.000	32.227
23510.000	32.227
23520.000	32.446
23530.000	32.007
23540.000	32.007
23550.000	32.227
23560.000	32.080
23570.000	32.080
23580.000	32.153
23590.000	31.934
23600.000	32.007
23610.000	31.934
23620.000	31.714
23630.000	31.834
23640.000	31.468
23650.000	31.321
23660.000	31.614
23670.000	31.500
23680.000	31.500
23690.000	31.620
23700.000	31.107
23710.000	31.254
23720.000	31.473
23730.000	31.451
23740.000	31.671
23750.000	31.724
23760.000	31.138
23770.000	31.032
23780.000	31.252
23790.000	31.311
23800.000	31.458
23810.000	31.504
23820.000	30.919
23830.000	30.821
23840.000	31.114
23850.000	31.158
23860.000	31.378
23870.000	31.358
23880.000	30.845
23890.000	30.666
23900.000	30.959
23910.000	30.937
23920.000	31.157
23930.000	31.210
23940.000	30.697
23950.000	30.526
23960.000	30.673
23970.000	30.799
23980.000	31.018
23990.000	31.018
24000.000	30.799
24010.000	30.774
24020.000	30.701
24030.000	30.501
24040.000	30.794
24050.000	30.648
24060.000	30.762
24070.000	30.802
24080.000	30.529
24090.000	30.383
24100.000	30.676
24110.000	30.310
24120.000	30.635
24130.000	31.001
24140.000	30.582
24150.000	30.509
24160.000	30.614
24170.000	30.248
24180.000	30.692
24190.000	31.058
24200.000	30.486
24210.000	30.559
24220.000	30.307
24230.000	30.087
24240.000	30.694
24250.000	30.767
24260.000	30.321
24270.000	30.467
24280.000	30.150
24290.000	29.930
24300.000	30.714
24310.000	30.714
24320.000	30.508
24330.000	30.581
24340.000	30.101
24350.000	30.248
24360.000	30.588
24370.000	30.515
24380.000	30.521
24390.000	30.302
24400.000	29.797
24410.000	30.163
24420.000	30.077
24430.000	29.930
24440.000	30.443
24450.000	30.223
24460.000	29.743
24470.000	30.182
24480.000	30.103
24490.000	30.103
24500.000	30.396
24510.000	30.029
24520.000	30.249
24530.000	30.322
24540.000	30.208
24550.000	30.501
24560.000	30.375
24570.000	29.789
24580.000	30.302
24590.000	30.302
24600.000	29.862
24610.000	30.228
24620.000	30.155
24630.000	30.253
24640.000	30.000
24650.000	29.854
24660.000	30.054
24670.000	30.070
24680.000	30.070
24690.000	30.436
24700.000	29.924
24710.000	29.924
24720.000	30.363
24730.000	29.899
24740.000	29.899
24750.000	30.119
24760.000	30.119
24770.000	29.956
24780.000	29.810
24790.000	30.029
24800.000	30.029
24810.000	29.956
24820.000	29.956
24830.000	29.956
24840.000	29.956
24850.000	29.736
24860.000	29.736
24870.000	29.603
24880.000	29.603
24890.000	29.457
24900.000	29.237
24910.000	29.603
24920.000	29.530
24930.000	29.090
24940.000	29.457
24950.000	29.383
24960.000	29.310
24970.000	29.370
24980.000	29.517
24990.000	29.663
25000.000	29.517
25010.000	29.224
25020.000	29.443
25030.000	29.517
25040.000	29.150
25050.000	29.150
25060.000	29.077
25070.000	29.590
25080.000	29.077
25090.000	28.857
25100.000	29.370
25110.000	29.077
25120.000	29.004
25130.000	28.857
25140.000	29.102
25150.000	29.468
25160.000	29.208
25170.000	28.622
25180.000	29.224
25190.000	29.224
25200.000	28.858
25210.000	28.785
25220.000	28.712
25230.000	28.858
25240.000	28.541
25250.000	28.468
25260.000	28.507
25270.000	28.507
25280.000	28.491
25290.000	28.418
25300.000	28.345
25310.000	28.491
25320.000	28.271
25330.000	28.564
25340.000	28.418
25350.000	28.125
25360.000	28.125
25370.000	28.125
25380.000	27.905
25390.000	27.759
25400.000	28.052
25410.000	27.832
25420.000	27.979
25430.000	27.759
25440.000	27.759
25450.000	27.832
25460.000	27.905
25470.000	27.832
25480.000	27.612
25490.000	27.686
25500.000	27.873
25510.000	28.019
25520.000	27.766
25530.000	27.473
25540.000	27.400
25550.000	27.327
25560.000	27.628
25570.000	27.848
25580.000	27.608
25590.000	27.535
25600.000	26.835
25610.000	26.835
25620.000	27.478
25630.000	27.405
25640.000	27.498
25650.000	27.132
25660.000	26.758
25670.000	26.465
25680.000	26.998
25690.000	27.217
25700.000	26.978
25710.000	27.124
25720.000	26.440
25730.000	26.587
25740.000	26.705
25750.000	26.925
25760.000	26.952
25770.000	26.732
25780.000	26.732
25790.000	26.292
25800.000	26.825
25810.000	26.532
25820.000	26.572
25830.000	26.426
25840.000	26.426
25850.000	26.519
25860.000	26.272
25870.000	26.492
25880.000	26.126
25890.000	26.346
25900.000	25.906
25910.000	25.980
25920.000	26.233
25930.000	26.233
25940.000	26.241
25950.000	26.115
25960.000	26.408
25970.000	26.035
25980.000	26.035
25990.000	25.889
26000.000	26.035
26010.000	26.108
26020.000	25.815
26030.000	26.181
26040.000	26.011
26050.000	26.043
26060.000	25.597
26070.000	25.897
26080.000	25.823
26090.000	25.823
26100.000	25.823
26110.000	25.823
26120.000	26.116
26130.000	25.791
26140.000	25.889
26150.000	25.582
26160.000	25.809
26170.000	25.662
26180.000	25.809
26190.000	26.085
26200.000	25.939
26210.000	25.832
26220.000	25.539
26230.000	25.645
26240.000	25.279
26250.000	25.878
26260.000	25.878
26270.000	25.792
26280.000	25.840
26290.000	25.710
26300.000	25.710
26310.000	25.670
26320.000	25.597
26330.000	25.597
26340.000	25.890
26350.000	25.670
26360.000	25.670
26370.000	25.684
26380.000	25.342
26390.000	25.342
26400.000	25.488
26410.000	25.342
26420.000	25.342
26430.000	25.415
26440.000	25.488
26450.000	25.488
26460.000	25.195
26470.000	25.415
26480.000	25.415
26490.000	25.635
26500.000	25.562
26510.000	25.562
26520.000	25.415
26530.000	25.269
26540.000	25.269
26550.000	25.195
26560.000	24.902
26570.000	24.902
26580.000	25.195
26590.000	25.269
26600.000	25.269
26610.000	25.122
26620.000	25.415
26630.000	25.269
26640.000	25.415
26650.000	25.342
26660.000	25.342
26670.000	25.269
26680.000	25.122
26690.000	25.269
26700.000	25.049
26710.000	25.122
26720.000	24.816
26730.000	25.109
26740.000	24.816
26750.000	25.036
26760.000	25.158
26770.000	25.377
26780.000	25.084
26790.000	25.011
26800.000	25.011
26810.000	24.938
26820.000	25.212
26830.000	24.765
26840.000	25.132
26850.000	25.099
26860.000	24.977
26870.000	24.671
26880.000	25.183
26890.000	24.964
26900.000	25.110
26910.000	25.306
26920.000	25.265
26930.000	25.198
26940.000	25.052
26950.000	24.865
26960.000	24.791
26970.000	25.065
26980.000	24.845
26990.000	24.839
27000.000	24.888
27010.000	24.546
27020.000	24.546
27030.000	24.812
27040.000	24.666
27050.000	24.959
27060.000	24.812
27070.000	24.918
27080.000	24.698
27090.000	24.998
27100.000	24.656
27110.000	24.802
27120.000	24.583
27130.000	24.609
27140.000	24.756
27150.000	24.463
27160.000	24.642
27170.000	24.262
27180.000	24.409
27190.000	24.262
27200.000	24.336
27210.000	24.043
27220.000	24.409
27230.000	24.336
27240.000	24.189
27250.000	24.116
27260.000	24.230
27270.000	24.341
27280.000	24.414
27290.000	24.414
27300.000	24.707
27310.000	24.487
27320.000	24.321
27330.000	24.101
27340.000	24.321
27350.000	24.248
27360.000	24.101
27370.000	23.930
27380.000	23.930
27390.000	23.784
27400.000	23.564
27410.000	23.784
27420.000	23.804
27430.000	23.804
27440.000	23.730
27450.000	23.584
27460.000	23.657
27470.000	23.584
27480.000	23.364
27490.000	23.511
27500.000	23.657
27510.000	23.364
27520.000	23.437
27530.000	23.511
27540.000	23.364
27550.000	23.364
27560.000	23.291
27570.000	23.145
27580.000	23.218
27590.000	23.145
27600.000	22.925
27610.000	22.998
27620.000	23.071
27630.000	22.852
27640.000	22.852
27650.000	22.925
27660.000	22.925
27670.000	22.778
27680.000	22.778
27690.000	22.559
27700.000	22.559
27710.000	22.518
27720.000	22.518
27730.000	22.518
27740.000	22.518
27750.000	22.664
27760.000	22.664
27770.000	22.664
27780.000	22.298
27790.000	22.371
27800.000	22.371
27810.000	22.591
27820.000	22.412
27830.000	22.412
27840.000	22.119
27850.000	21.899
27860.000	21.899
27870.000	21.899
27880.000	21.680
27890.000	21.680
27900.000	21.899
27910.000	21.899
27920.000	21.899
27930.000	21.606
27940.000	21.753
27950.000	21.753
27960.000	21.973
27970.000	21.533
27980.000	21.533
27990.000	21.460
28000.000	21.387
28010.000	21.327
28020.000	21.107
28030.000	21.107
28040.000	20.961
28050.000	21.433
28060.000	21.066
28070.000	21.233
28080.000	20.867
28090.000	21.013
28100.000	20.867
28110.000	21.081
28120.000	21.228
28130.000	20.968
28140.000	21.114
28150.000	20.423
28160.000	20.789
28170.000	20.663
28180.000	21.029
28190.000	20.830
28200.000	20.756
28210.000	20.675
28220.000	20.455
28230.000	21.032
28240.000	20.593
28250.000	20.759
28260.000	20.247
28270.000	20.499
28280.000	20.499
28290.000	20.617
28300.000	20.471
28310.000	20.471
28320.000	20.617
28330.000	20.300
28340.000	20.300
28350.000	20.353
28360.000	20.573
28370.000	20.513
28380.000	20.147
28390.000	20.082
28400.000	19.715
28410.000	19.935
28420.000	19.862
28430.000	20.008
28440.000	20.082
28450.000	19.789
28460.000	20.082
28470.000	19.775
28480.000	19.922
28490.000	19.995
28500.000	20.068
28510.000	20.215
28520.000	19.995
28530.000	19.849
28540.000	19.556
28550.000	19.849
28560.000	19.702
28570.000	19.849
28580.000	20.068
28590.000	19.556
28600.000	19.702
28610.000	19.556
28620.000	19.702
28630.000	19.849
28640.000	19.922
28650.000	19.849
28660.000	19.482
28670.000	19.629
28680.000	19.409
28690.000	19.775
28700.000	19.995
28710.000	19.629
28720.000	19.556
28730.000	19.482
28740.000	19.556
28750.000	19.702
28760.000	19.849
28770.000	19.702
28780.000	19.409
28790.000	19.482
28800.000	19.263
28810.000	19.556
28820.000	19.849
28830.000	19.482
28840.000	19.482
28850.000	19.409
28860.000	19.409
28870.000	19.556
28880.000	19.702
28890.000	19.629
28900.000	19.458
28910.000	19.458
28920.000	19.312
28930.000	19.604
28940.000	19.751
28950.000	19.458
28960.000	19.458
28970.000	19.272
28980.000	19.418
28990.000	19.565
29000.000	19.442
29010.000	19.369
29020.000	19.076
29030.000	19.223
29040.000	19.150
29050.000	19.223
29060.000	19.296
29070.000	19.043
29080.000	19.043
29090.000	19.116
29100.000	19.116
29110.000	19.263
29120.000	19.336
29130.000	19.189
29140.000	19.116
29150.000	19.263
29160.000	19.336
29170.000	19.482
29180.000	19.556
29190.000	19.116
29200.000	19.189
29210.000	19.263
29220.000	19.189
29230.000	19.263
29240.000	19.116
29250.000	19.043
29260.000	19.043
29270.000	19.116
29280.000	19.043
29290.000	18.970
29300.000	19.043
29310.000	18.970
29320.000	19.043
29330.000	19.263
29340.000	18.970
29350.000	18.970
29360.000	18.970
29370.000	18.970
29380.000	19.116
29390.000	19.116
29400.000	18.970
29410.000	18.970
29420.000	19.043
29430.000	18.896
29440.000	19.043
29450.000	19.043
29460.000	18.896
29470.000	19.043
29480.000	19.043
29490.000	18.970
29500.000	18.970
29510.000	18.970
29520.000	18.970
29530.000	18.970
29540.000	19.043
29550.000	18.896
29560.000	18.896
29570.000	18.896
29580.000	18.823
29590.000	18.896
29600.000	18.970
29610.000	18.823
29620.000	18.823
29630.000	18.896
29640.000	18.750
29650.000	18.823
29660.000	18.823
29670.000	18.750
29680.000	18.750
29690.000	18.823
29700.000	18.677
29710.000	18.677
29720.000	18.750
29730.000	18.677
29740.000	18.750
29750.000	18.750
29760.000	18.677
29770.000	18.677
29780.000	18.677
29790.000	18.604
29800.000	18.604
29810.000	18.677
29820.000	18.604
29830.000	18.530
29840.000	18.457
29850.000	18.457
29860.000	18.530
29870.000	18.530
29880.000	18.457
29890.000	18.311
29900.000	18.457
29910.000	18.457
29920.000	18.384
29930.000	18.457
29940.000	18.311
29950.000	18.311
29960.000	18.457
29970.000	18.311
29980.000	18.237
29990.000	18.384
30000.000	18.311
30010.000	18.384
30020.000	18.237
30030.000	18.018
30040.000	18.311
30050.000	18.384
30060.000	18.237
30070.000	17.944
30080.000	18.018
30090.000	18.164
30100.000	18.091
30110.000	17.944
30120.000	17.871
30130.000	17.944
30140.000	18.237
30150.000	17.798
30160.000	17.578
30170.000	18.091
30180.000	17.871
30190.000	17.944
30200.000	17.725
30210.000	17.651
30220.000	17.944
30230.000	17.725
30240.000	17.432
30250.000	17.725
30260.000	17.798
30270.000	17.725
30280.000	17.432
30290.000	17.432
30300.000	17.798
30310.000	17.505
30320.000	17.358
30330.000	17.432
30340.000	17.432
30350.000	17.578
30360.000	17.285
30370.000	17.065
30380.000	17.505
30390.000	17.147
30400.000	17.074
30410.000	17.406
30420.000	17.114
30430.000	16.967
30440.000	17.040
30450.000	16.926
30460.000	17.219
30470.000	17.000
30480.000	16.780
30490.000	16.991
30500.000	16.552
30510.000	16.707
30520.000	17.220
30530.000	16.807
30540.000	16.661
30550.000	16.701
30560.000	16.555
30570.000	16.701
30580.000	16.775
30590.000	16.701
30600.000	16.775
30610.000	16.506
30620.000	16.213
30630.000	16.699
30640.000	16.479
30650.000	16.333
30660.000	16.260
30670.000	16.113
30680.000	16.113
30690.000	16.113
30700.000	16.040
30710.000	16.040
30720.000	16.040
30730.000	15.747
30740.000	16.040
30750.000	16.113
30760.000	15.894
30770.000	16.113
30780.000	16.040
30790.000	15.674
30800.000	15.967
30810.000	16.040
30820.000	15.601
30830.000	15.820
30840.000	15.820
30850.000	15.234
30860.000	15.601
30870.000	15.674
30880.000	15.161
30890.000	15.527
30900.000	15.454
30910.000	14.941
30920.000	15.308
30930.000	15.234
30940.000	14.941
30950.000	15.234
30960.000	15.015
30970.000	14.795
30980.000	15.015
30990.000	14.876
31000.000	15.023
31010.000	15.043
31020.000	14.750
31030.000	14.970
31040.000	14.677
31050.000	14.921
31060.000	15.140
31070.000	14.734
31080.000	14.881
31090.000	14.799
31100.000	14.360
31110.000	14.804
31120.000	14.804
31130.000	14.511
31140.000	14.731
31150.000	14.340
31160.000	14.267
31170.000	14.307
31180.000	14.307
31190.000	14.453
31200.000	14.437
31210.000	14.193
31220.000	14.073
31230.000	14.073
31240.000	14.073
31250.000	14.146
31260.000	14.244
31270.000	14.171
31280.000	13.964
31290.000	13.818
31300.000	13.761
31310.000	13.761
31320.000	13.946
31330.000	14.019
31340.000	13.693
31350.000	13.693
31360.000	13.448
31370.000	13.522
31380.000	13.736
31390.000	13.517
31400.000	13.736
31410.000	13.297
31420.000	13.305
31430.000	13.158
31440.000	13.395
31450.000	13.395
31460.000	13.062
31470.000	13.599
31480.000	13.225
31490.000	13.225
31500.000	13.079
31510.000	13.372
31520.000	13.112
31530.000	13.039
31540.000	13.275
31550.000	12.908
31560.000	13.241
31570.000	12.704
31580.000	13.077
31590.000	12.638
31600.000	12.711
31610.000	12.857
31620.000	13.027
31630.000	12.881
31640.000	12.541
31650.000	12.908
31660.000	12.468
31670.000	12.688
31680.000	12.592
31690.000	13.104
31700.000	12.645
31710.000	12.499
31720.000	12.368
31730.000	12.588
31740.000	12.447
31750.000	12.374
31760.000	12.614
31770.000	12.394
31780.000	12.191
31790.000	11.971
31800.000	12.504
31810.000	12.357
31820.000	12.251
31830.000	12.031
31840.000	12.438
31850.000	12.145
31860.000	12.182
31870.000	12.182
31880.000	12.415
31890.000	12.049
31900.000	11.975
31910.000	11.975
31920.000	12.308
31930.000	12.015
31940.000	11.869
31950.000	11.983
31960.000	12.072
31970.000	11.766
31980.000	11.680
31990.000	11.899
32000.000	11.899
32010.000	11.753
32020.000	11.600
32030.000	11.819
32040.000	12.047
32050.000	11.787
32060.000	11.594
32070.000	11.827
32080.000	11.973
32090.000	11.827
32100.000	11.745
32110.000	11.819
32120.000	11.905
32130.000	11.685
32140.000	11.311
32150.000	11.531
32160.000	11.879
32170.000	11.732
32180.000	11.472
32190.000	11.546
32200.000	11.554
32210.000	11.407
32220.000	11.296
32230.000	11.589
32240.000	11.682
32250.000	11.536
32260.000	11.088
32270.000	11.235
32280.000	11.486
32290.000	11.560
32300.000	11.100
32310.000	11.393
32320.000	11.556
32330.000	11.243
32340.000	11.243
32350.000	11.463
32360.000	11.463
32370.000	11.609
32380.000	11.251
32390.000	11.251
32400.000	11.344
32410.000	11.060
32420.000	11.060
32430.000	11.133
32440.000	11.279
32450.000	11.279
32460.000	11.133
32470.000	11.279
32480.000	11.279
32490.000	11.299
32500.000	11.299
32510.000	11.006
32520.000	11.153
32530.000	11.153
32540.000	11.226
32550.000	10.787
32560.000	11.153
32570.000	11.153
32580.000	11.299
32590.000	10.913
32600.000	11.133
32610.000	10.913
32620.000	11.206
32630.000	10.840
32640.000	10.840
32650.000	10.986
32660.000	11.133
32670.000	10.913
32680.000	10.693
32690.000	10.986
32700.000	10.840
32710.000	11.133
32720.000	10.693
32730.000	11.060
32740.000	10.986
32750.000	11.353
32760.000	10.767
32770.000	11.060
32780.000	10.986
32790.000	11.133
32800.000	10.840
32810.000	10.840
32820.000	10.986
32830.000	10.986
32840.000	10.986
32850.000	10.547
32860.000	10.913
32870.000	10.693
32880.000	10.913
32890.000	10.400
32900.000	10.840
32910.000	10.693
32920.000	10.986
32930.000	10.693
32940.000	10.767
32950.000	10.840
32960.000	10.840
32970.000	10.840
32980.000	10.547
32990.000	11.060
33000.000	10.840
33010.000	11.060
33020.000	10.620
33030.000	10.840
33040.000	10.620
33050.000	10.913
33060.000	10.620
33070.000	10.547
33080.000	10.840
33090.000	10.547
33100.000	10.767
33110.000	10.327
33120.000	10.620
33130.000	10.327
33140.000	10.767
33150.000	10.327
33160.000	10.400
33170.000	10.547
33180.000	10.474
33190.000	10.693
33200.000	10.327
33210.000	10.693
33220.000	10.400
33230.000	10.840
33240.000	10.327
33250.000	10.620
33260.000	10.693
33270.000	10.840
33280.000	10.693
33290.000	10.400
33300.000	10.693
33310.000	10.474
33320.000	10.840
33330.000	10.417
33340.000	10.783
33350.000	10.543
33360.000	10.763
33370.000	10.397
33380.000	10.397
33390.000	10.543
33400.000	10.323
33410.000	10.616
33420.000	10.177
33430.000	10.380
33440.000	10.234
33450.000	10.547
33460.000	10.181
33470.000	10.254
33480.000	10.400
33490.000	10.254
33500.000	10.547
33510.000	10.107
33520.000	10.474
33530.000	10.327
33540.000	10.547
33550.000	10.254
33560.000	10.181
33570.000	10.400
33580.000	10.181
33590.000	10.547
33600.000	10.107
33610.000	10.327
33620.000	10.181
33630.000	10.327
33640.000	10.181
33650.000	10.034
33660.000	10.400
33670.000	10.107
33680.000	10.547
33690.000	10.034
33700.000	10.181
33710.000	10.254
33720.000	10.181
33730.000	10.327
33740.000	10.034
33750.000	10.327
33760.000	10.107
33770.000	10.400
33780.000	10.034
33790.000	10.034
33800.000	10.327
33810.000	10.107
33820.000	10.474
33830.000	10.034
33840.000	10.254
33850.000	10.107
33860.000	10.254
33870.000	10.181
33880.000	9.961
33890.000	10.327
33900.000	10.034
33910.000	10.400
33920.000	9.961
33930.000	10.034
33940.000	10.034
33950.000	10.107
33960.000	10.181
33970.000	9.814
33980.000	10.181
33990.000	9.961
34000.000	10.107
34010.000	9.961
34020.000	9.814
34030.000	10.034
34040.000	9.888
34050.000	10.164
34060.000	9.945
34070.000	9.945
34080.000	10.018
34090.000	9.945
34100.000	10.045
34110.000	9.752
34120.000	9.825
34130.000	9.825
34140.000	9.825
34150.000	9.768
34160.000	9.621
34170.000	9.841
34180.000	9.621
34190.000	9.841
34200.000	9.741
34210.000	9.595
34220.000	9.888
34230.000	9.766
34240.000	9.912
34250.000	9.666
34260.000	9.666
34270.000	9.739
34280.000	9.666
34290.000	9.951
34300.000	9.804
34310.000	9.804
34320.000	9.804
34330.000	9.780
34340.000	9.780
34350.000	9.660
34360.000	9.733
34370.000	9.733
34380.000	9.653
34390.000	9.442
34400.000	9.515
34410.000	9.442
34420.000	9.442
34430.000	9.442
34440.000	9.442
34450.000	9.368
34460.000	9.368
34470.000	9.368
34480.000	9.448
34490.000	9.448
34500.000	9.302
34510.000	9.302
34520.000	9.302
34530.000	9.302
34540.000	9.229
34550.000	9.302
34560.000	9.229
34570.000	9.155
34580.000	9.155
34590.000	9.204
34600.000	9.351
34610.000	9.258
34620.000	9.258
34630.000	9.112
34640.000	9.112
34650.000	9.258
34660.000	9.185
34670.000	9.185
34680.000	9.185
34690.000	9.136
34700.000	9.136
34710.000	9.196
34720.000	9.009
34730.000	9.009
34740.000	8.862
34750.000	9.009
34760.000	9.009
34770.000	8.789
34780.000	8.862
34790.000	8.862
34800.000	8.789
34810.000	8.789
34820.000	8.789
34830.000	8.862
34840.000	8.496
34850.000	8.496
34860.000	8.862
34870.000	8.496
34880.000	8.496
34890.000	8.716
34900.000	8.716
34910.000	8.716
34920.000	8.789
34930.000	8.569
34940.000	8.569
34950.000	8.496
34960.000	8.643
34970.000	8.643
34980.000	8.496
34990.000	8.496
35000.000	8.496
35010.000	8.057
35020.000	8.643
35030.000	8.643
35040.000	8.276
35050.000	8.276
35060.000	8.276
35070.000	7.983
35080.000	8.350
35090.000	8.350
35100.000	7.910
35110.000	8.130
35120.000	7.837
35130.000	7.690
35140.000	8.130
35150.000	8.057
35160.000	7.829
35170.000	7.902
35180.000	7.609
35190.000	7.536
35200.000	7.902
35210.000	7.756
35220.000	7.593
35230.000	7.593
35240.000	7.446
35250.000	7.520
35260.000	7.821
35270.000	7.747
35280.000	7.528
35290.000	7.454
35300.000	7.381
35310.000	7.308
35320.000	7.471
35330.000	7.604
35340.000	7.311
35350.000	7.164
35360.000	7.018
35370.000	7.099
35380.000	7.246
35390.000	7.525
35400.000	7.306
35410.000	7.159
35420.000	7.013
35430.000	7.042
35440.000	7.042
35450.000	7.056
35460.000	7.202
35470.000	7.048
35480.000	6.828
35490.000	6.695
35500.000	6.914
35510.000	6.928
35520.000	7.001
35530.000	6.985
35540.000	6.985
35550.000	6.874
35560.000	6.581
35570.000	6.587
35580.000	6.734
35590.000	6.661
35600.000	6.661
35610.000	6.712
35620.000	6.566
35630.000	6.220
35640.000	6.439
35650.000	6.537
35660.000	6.464
35670.000	6.775
35680.000	6.848
35690.000	6.588
35700.000	6.149
35710.000	6.157
35720.000	6.303
35730.000	6.340
35740.000	6.121
35750.000	6.267
35760.000	6.267
35770.000	5.730
35780.000	5.510
35790.000	5.924
35800.000	6.071
35810.000	5.944
35820.000	5.798
35830.000	6.034
35840.000	5.961
35850.000	5.717
35860.000	5.570
35870.000	5.597
35880.000	5.816
35890.000	5.515
35900.000	5.369
35910.000	5.487
35920.000	5.707
35930.000	5.301
35940.000	5.228
35950.000	5.105
35960.000	5.179
35970.000	5.445
35980.000	5.299
35990.000	5.185
36000.000	5.332
36010.000	5.413
36020.000	5.120
36030.000	5.128
36040.000	5.054
36050.000	5.021
36060.000	5.094
36070.000	4.875
36080.000	4.801
36090.000	4.890
36100.000	4.817
36110.000	4.684
36120.000	4.684
36130.000	4.643
36140.000	4.643
36150.000	4.676
36160.000	4.676
36170.000	4.676
36180.000	4.676
36190.000	4.628
36200.000	4.628
36210.000	4.614
36220.000	4.614
36230.000	4.614
36240.000	4.541
36250.000	4.468
36260.000	4.321
36270.000	4.395
36280.000	4.321
36290.000	4.248
36300.000	4.102
36310.000	3.955
36320.000	4.102
36330.000	4.175
36340.000	4.248
36350.000	4.248
36360.000	4.102
36370.000	3.809
36380.000	3.955
36390.000	4.028
36400.000	4.028
36410.000	3.955
36420.000	3.735
36430.000	3.735
36440.000	3.882
36450.000	4.028
36460.000	4.028
36470.000	4.028
36480.000	3.735
36490.000	3.589
36500.000	3.516
36510.000	3.589
36520.000	3.589
36530.000	3.442
36540.000	3.223
36550.000	3.076
36560.000	3.076
36570.000	3.076
36580.000	3.296
36590.000	3.442
36600.000	3.369
36610.000	3.223
36620.000	3.003
36630.000	2.930
36640.000	2.856
36650.000	2.856
36660.000	2.856
36670.000	2.856
36680.000	2.783
36690.000	2.563
36700.000	2.637
36710.000	2.563
36720.000	2.637
36730.000	2.710
36740.000	2.783
36750.000	2.856
36760.000	2.856
36770.000	2.856
36780.000	2.637
36790.000	2.637
36800.000	2.490
36810.000	2.490
36820.000	2.273
36830.000	2.273
36840.000	2.225
36850.000	2.005
36860.000	1.978
36870.000	1.978
36880.000	2.052
36890.000	1.978
36900.000	2.076
36910.000	2.003
36920.000	1.973
36930.000	2.060
36940.000	1.962
36950.000	1.962
36960.000	1.940
36970.000	1.793
36980.000	1.773
36990.000	1.920
37000.000	1.822
37010.000	1.822
37020.000	1.852
37030.000	1.779
37040.000	1.699
37050.000	1.699
37060.000	1.528
37070.000	1.454
37080.000	1.336
37090.000	1.116
37100.000	1.036
37110.000	0.963
37120.000	0.874
37130.000	0.800
37140.000	0.815
37150.000	0.669
37160.000	0.662
37170.000	0.662
37180.000	0.654
37190.000	0.654
37200.000	0.587
37210.000	0.587
37220.000	0.514
37230.000	0.514
37240.000	0.433
37250.000	0.506
37260.000	0.439
37270.000	0.366
37280.000	0.360
37290.000	0.286
37300.000	0.286
37310.000	0.213
37320.000	0.213
37330.000	0.140
37340.000	0.073
37350.000	-0.000
