%Time [ms]	Commanded Torque [mNm]	Angular Velocity [RPM]	Actual Current [Amp]	%3/6/202010:02 AM
0.000	0.000	0.000	0.000
20.000	5.000	9.766	-0.011
30.000	5.000	9.766	-0.011
40.000	5.000	9.766	-0.011
50.000	5.000	1.953	-0.010
60.000	5.000	1.953	-0.010
70.000	5.000	1.953	-0.010
80.000	5.000	5.859	-0.015
90.000	5.000	5.859	-0.015
100.000	5.000	5.859	-0.015
110.000	5.000	-15.625	-0.007
120.000	5.000	-15.625	-0.007
130.000	5.000	-15.625	-0.007
140.000	5.000	-9.766	0.009
150.000	5.000	-9.766	0.009
160.000	5.000	-9.766	0.009
170.000	5.000	-19.531	0.002
180.000	5.000	-19.531	0.002
190.000	5.000	-19.531	0.002
200.000	5.000	-1.953	-0.004
210.000	5.000	-1.953	-0.004
220.000	5.000	-1.953	-0.004
230.000	5.000	-13.672	0.006
240.000	5.000	-13.672	0.006
250.000	5.000	-13.672	0.006
260.000	5.000	11.719	0.003
270.000	5.000	11.719	0.003
280.000	5.000	11.719	0.003
290.000	5.000	-15.625	0.004
300.000	5.000	-15.625	0.004
310.000	5.000	-15.625	0.004
320.000	5.000	0.000	-0.024
330.000	5.000	0.000	-0.024
340.000	5.000	0.000	-0.024
350.000	5.000	-7.812	-0.015
360.000	5.000	-7.812	-0.015
370.000	5.000	-7.812	-0.015
380.000	5.000	-5.859	-0.011
390.000	5.000	-5.859	-0.011
400.000	5.000	-5.859	-0.011
410.000	5.000	-39.062	0.009
420.000	5.000	-39.062	0.009
430.000	5.000	-39.062	0.009
440.000	5.000	0.000	-0.025
450.000	5.000	0.000	-0.025
460.000	5.000	0.000	-0.025
470.000	5.000	11.719	0.003
480.000	5.000	11.719	0.003
490.000	5.000	11.719	0.003
500.000	5.000	11.719	0.010
510.000	5.000	11.719	0.010
520.000	5.000	11.719	0.010
530.000	5.000	-37.109	0.012
540.000	5.000	-37.109	0.012
550.000	5.000	-37.109	0.012
560.000	5.000	5.859	-0.001
570.000	5.000	5.859	-0.001
580.000	5.000	5.859	-0.001
590.000	5.000	-3.906	-0.010
600.000	5.000	-3.906	-0.010
610.000	5.000	-3.906	-0.010
620.000	5.000	-27.344	0.004
630.000	5.000	-27.344	0.004
640.000	5.000	-27.344	0.004
650.000	5.000	7.812	-0.021
660.000	5.000	7.812	-0.021
670.000	5.000	7.812	-0.021
680.000	5.000	-21.484	-0.002
690.000	5.000	-21.484	-0.002
700.000	5.000	-21.484	-0.002
710.000	5.000	17.578	-0.001
720.000	5.000	17.578	-0.001
730.000	5.000	17.578	-0.001
740.000	5.000	-1.953	0.007
750.000	5.000	-1.953	0.007
760.000	5.000	-1.953	0.007
770.000	5.000	-13.672	0.000
780.000	5.000	-13.672	0.000
790.000	5.000	-13.672	0.000
800.000	5.000	23.437	0.006
810.000	5.000	23.437	0.006
820.000	5.000	23.437	0.006
830.000	5.000	11.719	0.000
840.000	5.000	11.719	0.000
850.000	5.000	11.719	0.000
860.000	5.000	-39.062	0.007
870.000	5.000	-39.062	0.007
880.000	5.000	-39.062	0.007
890.000	5.000	-7.812	0.007
900.000	5.000	-7.812	0.007
910.000	5.000	-7.812	0.007
920.000	5.000	7.812	-0.016
930.000	5.000	7.812	-0.016
940.000	5.000	7.812	-0.016
950.000	5.000	-15.625	-0.008
960.000	5.000	-15.625	-0.008
970.000	5.000	-15.625	-0.008
980.000	5.000	-33.203	-0.001
990.000	5.000	-33.203	-0.001
1000.000	5.000	-33.203	-0.001
1010.000	5.000	-23.437	0.004
1020.000	5.000	-23.437	0.004
1030.000	5.000	-23.437	0.004
1040.000	5.000	-33.203	0.008
1050.000	5.000	-33.203	0.008
1060.000	5.000	-33.203	0.008
1070.000	5.000	-9.766	-0.012
1080.000	5.000	-9.766	-0.012
1090.000	5.000	-9.766	-0.012
1100.000	5.000	3.906	0.013
1110.000	5.000	3.906	0.013
1120.000	5.000	3.906	0.013
1130.000	5.000	-31.250	-0.002
1140.000	5.000	-31.250	-0.002
1150.000	5.000	-31.250	-0.002
1160.000	5.000	15.625	-0.010
1170.000	5.000	15.625	-0.010
1180.000	5.000	15.625	-0.010
1190.000	5.000	9.766	-0.015
1200.000	5.000	9.766	-0.015
1210.000	5.000	9.766	-0.015
1220.000	5.000	0.000	-0.012
1230.000	5.000	0.000	-0.012
1240.000	5.000	0.000	-0.012
1250.000	5.000	-17.578	-0.006
1260.000	5.000	-17.578	-0.006
1270.000	5.000	-17.578	-0.006
1280.000	5.000	-23.437	0.000
1290.000	5.000	-23.437	0.000
1300.000	5.000	-23.437	0.000
1310.000	5.000	-13.672	-0.002
1320.000	5.000	-13.672	-0.002
1330.000	5.000	-13.672	-0.002
1340.000	5.000	-3.906	-0.018
1350.000	5.000	-3.906	-0.018
1360.000	5.000	-3.906	-0.018
1370.000	5.000	17.578	0.007
1380.000	5.000	17.578	0.007
1390.000	5.000	17.578	0.007
1400.000	5.000	13.672	-0.007
1410.000	5.000	13.672	-0.007
1420.000	5.000	13.672	-0.007
1430.000	5.000	-13.672	-0.006
1440.000	5.000	-13.672	-0.006
1450.000	5.000	-13.672	-0.006
1460.000	5.000	-21.484	0.000
1470.000	5.000	-21.484	0.000
1480.000	5.000	-21.484	0.000
1490.000	5.000	11.719	-0.011
1500.000	5.000	11.719	-0.011
1510.000	5.000	11.719	-0.011
1520.000	5.000	9.766	-0.006
1530.000	5.000	9.766	-0.006
1540.000	5.000	9.766	-0.006
1550.000	5.000	11.719	-0.017
1560.000	5.000	11.719	-0.017
1570.000	5.000	11.719	-0.017
1580.000	5.000	-9.766	0.005
1590.000	5.000	-9.766	0.005
1600.000	5.000	-9.766	0.005
1610.000	5.000	-19.531	0.013
1620.000	5.000	-19.531	0.013
1630.000	5.000	-19.531	0.013
1640.000	5.000	11.719	-0.001
1650.000	5.000	11.719	-0.001
1660.000	5.000	11.719	-0.001
1670.000	5.000	-29.297	-0.002
1680.000	5.000	-29.297	-0.002
1690.000	5.000	-29.297	-0.002
1700.000	5.000	-27.344	0.001
1710.000	5.000	-27.344	0.001
1720.000	5.000	-27.344	0.001
1730.000	5.000	-46.875	0.014
1740.000	5.000	-46.875	0.014
1750.000	5.000	-46.875	0.014
1760.000	5.000	15.625	0.013
1770.000	5.000	15.625	0.013
1780.000	5.000	15.625	0.013
1790.000	5.000	0.000	0.011
1800.000	5.000	0.000	0.011
1810.000	5.000	0.000	0.011
1820.000	5.000	-21.484	0.000
1830.000	5.000	-21.484	0.000
1840.000	5.000	-21.484	0.000
1850.000	5.000	-33.203	0.008
1860.000	5.000	-33.203	0.008
1870.000	5.000	-33.203	0.008
1880.000	5.000	5.859	-0.020
1890.000	5.000	5.859	-0.020
1900.000	5.000	5.859	-0.020
1910.000	5.000	11.719	-0.011
1920.000	5.000	11.719	-0.011
1930.000	5.000	11.719	-0.011
1940.000	5.000	-21.484	-0.002
1950.000	5.000	-21.484	-0.002
1960.000	5.000	-21.484	-0.002
1970.000	5.000	11.719	-0.013
1980.000	5.000	11.719	-0.013
1990.000	5.000	11.719	-0.013
2000.000	5.000	-11.719	-0.023
2010.000	5.000	-11.719	-0.023
2020.000	5.000	-11.719	-0.023
2030.000	5.000	-3.906	-0.013
2040.000	5.000	-3.906	-0.013
2050.000	5.000	-3.906	-0.013
2060.000	5.000	-1.953	-0.010
2070.000	5.000	-1.953	-0.010
2080.000	5.000	-1.953	-0.010
2090.000	5.000	-3.906	-0.009
2100.000	5.000	-3.906	-0.009
2110.000	5.000	-3.906	-0.009
2120.000	5.000	13.672	0.003
2130.000	5.000	13.672	0.003
2140.000	5.000	13.672	0.003
2150.000	5.000	0.000	-0.014
2160.000	5.000	0.000	-0.014
2170.000	5.000	0.000	-0.014
2180.000	5.000	-9.766	-0.012
2190.000	5.000	-9.766	-0.012
2200.000	5.000	-9.766	-0.012
2210.000	5.000	-39.062	-0.017
2220.000	5.000	-39.062	-0.017
2230.000	5.000	-39.062	-0.017
2240.000	5.000	-15.625	-0.004
2250.000	5.000	-15.625	-0.004
2260.000	5.000	-15.625	-0.004
2270.000	5.000	15.625	0.006
2280.000	5.000	15.625	0.006
2290.000	5.000	15.625	0.006
2300.000	5.000	7.812	-0.001
2310.000	5.000	7.812	-0.001
2320.000	5.000	7.812	-0.001
2330.000	5.000	-21.484	-0.010
2340.000	5.000	-21.484	-0.010
2350.000	5.000	-21.484	-0.010
2360.000	5.000	-37.109	0.009
2370.000	5.000	-37.109	0.009
2380.000	5.000	-37.109	0.009
2390.000	5.000	-25.391	0.001
2400.000	5.000	-25.391	0.001
2410.000	5.000	-25.391	0.001
2420.000	5.000	0.000	-0.002
2430.000	5.000	0.000	-0.002
2440.000	5.000	0.000	-0.002
2450.000	5.000	-25.391	0.004
2460.000	5.000	-25.391	0.004
2470.000	5.000	-25.391	0.004
2480.000	5.000	-23.437	-0.007
2490.000	5.000	-23.437	-0.007
2500.000	5.000	-23.437	-0.007
2510.000	5.000	-13.672	-0.010
2520.000	5.000	-13.672	-0.010
2530.000	5.000	-13.672	-0.010
2540.000	5.000	-21.484	-0.002
2550.000	5.000	-21.484	-0.002
2560.000	5.000	-21.484	-0.002
2570.000	5.000	-23.437	0.001
2580.000	5.000	-23.437	0.001
2590.000	5.000	-23.437	0.001
2600.000	5.000	-23.437	-0.010
2610.000	5.000	-23.437	-0.010
2620.000	5.000	-23.437	-0.010
2630.000	5.000	-44.922	0.014
2640.000	5.000	-44.922	0.014
2650.000	5.000	-44.922	0.014
2660.000	5.000	-27.344	-0.011
2670.000	5.000	-27.344	-0.011
2680.000	5.000	-27.344	-0.011
2690.000	5.000	-37.109	0.006
2700.000	5.000	-37.109	0.006
2710.000	5.000	-37.109	0.006
2720.000	5.000	9.766	0.001
2730.000	5.000	9.766	0.001
2740.000	5.000	9.766	0.001
2750.000	5.000	-27.344	0.006
2760.000	5.000	-27.344	0.006
2770.000	5.000	-27.344	0.006
2780.000	5.000	-25.391	-0.002
2790.000	5.000	-25.391	-0.002
2800.000	5.000	-25.391	-0.002
2810.000	5.000	-3.906	-0.021
2820.000	5.000	-3.906	-0.021
2830.000	5.000	-3.906	-0.021
2840.000	5.000	11.719	0.006
2850.000	5.000	11.719	0.006
2860.000	5.000	11.719	0.006
2870.000	5.000	-7.812	-0.010
2880.000	5.000	-7.812	-0.010
2890.000	5.000	-7.812	-0.010
2900.000	5.000	-7.812	-0.020
2910.000	5.000	-7.812	-0.020
2920.000	5.000	-7.812	-0.020
2930.000	5.000	-33.203	0.001
2940.000	5.000	-33.203	0.001
2950.000	5.000	-33.203	0.001
2960.000	5.000	13.672	0.010
2970.000	5.000	13.672	0.010
2980.000	5.000	13.672	0.010
2990.000	5.000	-21.484	-0.001
3000.000	5.000	-21.484	-0.001
3010.000	5.000	-21.484	-0.001
3020.000	5.000	-31.250	0.008
3030.000	5.000	-31.250	0.008
3040.000	5.000	-31.250	0.008
3050.000	5.000	0.000	-0.006
3060.000	5.000	0.000	-0.006
3070.000	5.000	0.000	-0.006
3080.000	5.000	-27.344	-0.017
3090.000	5.000	-27.344	-0.017
3100.000	5.000	-27.344	-0.017
3110.000	5.000	-1.953	-0.006
3120.000	5.000	-1.953	-0.006
3130.000	5.000	-1.953	-0.006
3140.000	5.000	-11.719	-0.013
3150.000	5.000	-11.719	-0.013
3160.000	5.000	-11.719	-0.013
3170.000	5.000	0.000	-0.013
3180.000	5.000	0.000	-0.013
3190.000	5.000	0.000	-0.013
3200.000	5.000	-21.484	-0.006
3210.000	5.000	-21.484	-0.006
3220.000	5.000	-21.484	-0.006
3230.000	5.000	-1.953	-0.006
3240.000	5.000	-1.953	-0.006
3250.000	5.000	-1.953	-0.006
3260.000	5.000	-23.437	0.005
3270.000	5.000	-23.437	0.005
3280.000	5.000	-23.437	0.005
3290.000	5.000	1.953	-0.003
3300.000	5.000	1.953	-0.003
3310.000	5.000	1.953	-0.003
3320.000	5.000	-17.578	0.002
3330.000	5.000	-17.578	0.002
3340.000	5.000	-17.578	0.002
3350.000	5.000	-5.859	0.008
3360.000	5.000	-5.859	0.008
3370.000	5.000	-5.859	0.008
3380.000	5.000	-7.812	-0.011
3390.000	5.000	-7.812	-0.011
3400.000	5.000	-7.812	-0.011
3410.000	5.000	-17.578	-0.001
3420.000	5.000	-17.578	-0.001
3430.000	5.000	-17.578	-0.001
3440.000	5.000	-29.297	0.007
3450.000	5.000	-29.297	0.007
3460.000	5.000	-29.297	0.007
3470.000	5.000	-13.672	0.008
3480.000	5.000	-13.672	0.008
3490.000	5.000	-13.672	0.008
3500.000	5.000	-13.672	-0.009
3510.000	5.000	-13.672	-0.009
3520.000	5.000	-13.672	-0.009
3530.000	5.000	-9.766	-0.004
3540.000	5.000	-9.766	-0.004
3550.000	5.000	-9.766	-0.004
3560.000	5.000	17.578	-0.007
3570.000	5.000	17.578	-0.007
3580.000	5.000	17.578	-0.007
3590.000	5.000	3.906	-0.017
3600.000	5.000	3.906	-0.017
3610.000	5.000	3.906	-0.017
3620.000	5.000	-3.906	-0.012
3630.000	5.000	-3.906	-0.012
3640.000	5.000	-3.906	-0.012
3650.000	5.000	-37.109	0.009
3660.000	5.000	-37.109	0.009
3670.000	5.000	-37.109	0.009
3680.000	5.000	11.719	-0.001
3690.000	5.000	11.719	-0.001
3700.000	5.000	11.719	-0.001
3710.000	5.000	11.719	-0.001
3720.000	5.000	11.719	-0.001
3730.000	5.000	11.719	-0.001
3740.000	5.000	-23.437	-0.002
3750.000	5.000	-23.437	-0.002
3760.000	5.000	-23.437	-0.002
3770.000	5.000	1.953	0.000
3780.000	5.000	1.953	0.000
3790.000	5.000	1.953	0.000
3800.000	5.000	-1.953	-0.005
3810.000	5.000	-1.953	-0.005
3820.000	5.000	-1.953	-0.005
3830.000	5.000	-21.484	-0.003
3840.000	5.000	-21.484	-0.003
3850.000	5.000	-21.484	-0.003
3860.000	5.000	-3.906	-0.002
3870.000	5.000	-3.906	-0.002
3880.000	5.000	-3.906	-0.002
3890.000	5.000	13.672	-0.016
3900.000	5.000	13.672	-0.016
3910.000	5.000	13.672	-0.016
3920.000	5.000	1.953	0.010
3930.000	5.000	1.953	0.010
3940.000	5.000	1.953	0.010
3950.000	5.000	-13.672	-0.007
3960.000	5.000	-13.672	-0.007
3970.000	5.000	-13.672	-0.007
3980.000	5.000	13.672	0.003
3990.000	5.000	13.672	0.003
4000.000	5.000	13.672	0.003
4010.000	5.000	-37.109	0.009
4020.000	5.000	-37.109	0.009
4030.000	5.000	-37.109	0.009
4040.000	5.000	-1.953	-0.007
4050.000	5.000	-1.953	-0.007
4060.000	5.000	-1.953	-0.007
4070.000	5.000	-15.625	-0.030
4080.000	5.000	-15.625	-0.030
4090.000	5.000	-15.625	-0.030
4100.000	5.000	-17.578	-0.020
4110.000	5.000	-17.578	-0.020
4120.000	5.000	-17.578	-0.020
4130.000	5.000	1.953	-0.004
4140.000	5.000	1.953	-0.004
4150.000	5.000	1.953	-0.004
4160.000	5.000	-21.484	-0.004
4170.000	5.000	-21.484	-0.004
4180.000	5.000	-21.484	-0.004
4190.000	5.000	-15.625	-0.009
4200.000	5.000	-15.625	-0.009
4210.000	5.000	-15.625	-0.009
4220.000	5.000	-27.344	0.002
4230.000	5.000	-27.344	0.002
4240.000	5.000	-27.344	0.002
4250.000	5.000	5.859	-0.002
4260.000	5.000	5.859	-0.002
4270.000	5.000	5.859	-0.002
4280.000	5.000	11.719	0.012
4290.000	5.000	11.719	0.012
4300.000	5.000	11.719	0.012
4310.000	5.000	-9.766	0.005
4320.000	5.000	-9.766	0.005
4330.000	5.000	-9.766	0.005
4340.000	5.000	3.906	-0.013
4350.000	5.000	3.906	-0.013
4360.000	5.000	3.906	-0.013
4370.000	5.000	-25.391	0.007
4380.000	5.000	-25.391	0.007
4390.000	5.000	-25.391	0.007
4400.000	5.000	-19.531	-0.004
4410.000	5.000	-19.531	-0.004
4420.000	5.000	-19.531	-0.004
4430.000	5.000	5.859	-0.002
4440.000	5.000	5.859	-0.002
4450.000	5.000	5.859	-0.002
4460.000	5.000	-7.812	-0.002
4470.000	5.000	-7.812	-0.002
4480.000	5.000	-7.812	-0.002
4490.000	5.000	11.719	0.013
4500.000	5.000	11.719	0.013
4510.000	5.000	11.719	0.013
4520.000	5.000	-23.437	0.001
4530.000	5.000	-23.437	0.001
4540.000	5.000	-23.437	0.001
4550.000	5.000	3.906	-0.017
4560.000	5.000	3.906	-0.017
4570.000	5.000	3.906	-0.017
4580.000	5.000	-31.250	0.009
4590.000	5.000	-31.250	0.009
4600.000	5.000	-31.250	0.009
4610.000	5.000	17.578	-0.001
4620.000	5.000	17.578	-0.001
4630.000	5.000	17.578	-0.001
4640.000	5.000	3.906	-0.009
4650.000	5.000	3.906	-0.009
4660.000	5.000	3.906	-0.009
4670.000	5.000	-27.344	-0.002
4680.000	5.000	-27.344	-0.002
4690.000	5.000	-27.344	-0.002
4700.000	5.000	-41.016	-0.011
4710.000	5.000	-41.016	-0.011
4720.000	5.000	-41.016	-0.011
4730.000	5.000	3.906	0.002
4740.000	5.000	3.906	0.002
4750.000	5.000	3.906	0.002
4760.000	5.000	1.953	0.000
4770.000	5.000	1.953	0.000
4780.000	5.000	1.953	0.000
4790.000	5.000	-17.578	-0.003
4800.000	5.000	-17.578	-0.003
4810.000	5.000	-17.578	-0.003
4820.000	5.000	3.906	-0.005
4830.000	5.000	3.906	-0.005
4840.000	5.000	3.906	-0.005
4850.000	5.000	19.531	-0.003
4860.000	5.000	19.531	-0.003
4870.000	5.000	19.531	-0.003
4880.000	5.000	-23.437	-0.017
4890.000	5.000	-23.437	-0.017
4900.000	5.000	-23.437	-0.017
4910.000	5.000	15.625	0.002
4920.000	5.000	15.625	0.002
4930.000	5.000	15.625	0.002
4940.000	5.000	5.859	-0.001
4950.000	5.000	5.859	-0.001
4960.000	5.000	5.859	-0.001
4970.000	5.000	-29.297	0.004
4980.000	5.000	-29.297	0.004
4990.000	5.000	-29.297	0.004
5000.000	5.000	-41.016	0.014
5010.000	5.000	-41.016	0.014
5020.000	5.000	-41.016	0.014
5030.000	5.000	-5.859	-0.021
5040.000	5.000	-5.859	-0.021
5050.000	5.000	-5.859	-0.021
5060.000	5.000	-7.812	0.003
5070.000	5.000	-7.812	0.003
5080.000	5.000	-7.812	0.003
5090.000	5.000	15.625	-0.013
5100.000	5.000	15.625	-0.013
5110.000	5.000	15.625	-0.013
5120.000	5.000	-21.484	-0.002
5130.000	5.000	-21.484	-0.002
5140.000	5.000	-21.484	-0.002
5150.000	5.000	-29.297	0.004
5160.000	5.000	-29.297	0.004
5170.000	5.000	-29.297	0.004
5180.000	5.000	3.906	0.001
5190.000	5.000	3.906	0.001
5200.000	5.000	3.906	0.001
5210.000	5.000	-46.875	0.010
5220.000	5.000	-46.875	0.010
5230.000	5.000	-46.875	0.010
5240.000	5.000	0.000	-0.013
5250.000	5.000	0.000	-0.013
5260.000	5.000	0.000	-0.013
5270.000	5.000	-3.906	-0.013
5280.000	5.000	-3.906	-0.013
5290.000	5.000	-3.906	-0.013
5300.000	5.000	-21.484	-0.006
5310.000	5.000	-21.484	-0.006
5320.000	5.000	-21.484	-0.006
5330.000	5.000	3.906	0.010
5340.000	5.000	3.906	0.010
5350.000	5.000	3.906	0.010
5360.000	5.000	-15.625	0.005
5370.000	5.000	-15.625	0.005
5380.000	5.000	-15.625	0.005
5390.000	5.000	-1.953	0.000
5400.000	5.000	-1.953	0.000
5410.000	5.000	-1.953	0.000
5420.000	5.000	-19.531	0.004
5430.000	5.000	-19.531	0.004
5440.000	5.000	-19.531	0.004
5450.000	5.000	7.812	-0.017
5460.000	5.000	7.812	-0.017
5470.000	5.000	7.812	-0.017
5480.000	5.000	-19.531	-0.006
5490.000	5.000	-19.531	-0.006
5500.000	5.000	-19.531	-0.006
5510.000	5.000	-11.719	-0.010
5520.000	5.000	-11.719	-0.010
5530.000	5.000	-11.719	-0.010
5540.000	5.000	-19.531	-0.004
5550.000	5.000	-19.531	-0.004
5560.000	5.000	-19.531	-0.004
5570.000	5.000	11.719	-0.015
5580.000	5.000	11.719	-0.015
5590.000	5.000	11.719	-0.015
5600.000	5.000	9.766	-0.010
5610.000	5.000	9.766	-0.010
5620.000	5.000	9.766	-0.010
5630.000	5.000	-3.906	-0.018
5640.000	5.000	-3.906	-0.018
5650.000	5.000	-3.906	-0.018
5660.000	5.000	-29.297	-0.014
5670.000	5.000	-29.297	-0.014
5680.000	5.000	-29.297	-0.014
5690.000	5.000	-17.578	-0.009
5700.000	5.000	-17.578	-0.009
5710.000	5.000	-17.578	-0.009
5720.000	5.000	-5.859	-0.009
5730.000	5.000	-5.859	-0.009
5740.000	5.000	-5.859	-0.009
5750.000	5.000	-39.062	0.012
5760.000	5.000	-39.062	0.012
5770.000	5.000	-39.062	0.012
5780.000	5.000	0.000	-0.003
5790.000	5.000	0.000	-0.003
5800.000	5.000	0.000	-0.003
5810.000	5.000	9.766	-0.008
5820.000	5.000	9.766	-0.008
5830.000	5.000	9.766	-0.008
5840.000	5.000	-3.906	-0.016
5850.000	5.000	-3.906	-0.016
5860.000	5.000	-3.906	-0.016
5870.000	5.000	-1.953	-0.002
5880.000	5.000	-1.953	-0.002
5890.000	5.000	-1.953	-0.002
5900.000	5.000	11.719	-0.009
5910.000	5.000	11.719	-0.009
5920.000	5.000	11.719	-0.009
5930.000	5.000	-3.906	-0.002
5940.000	5.000	-3.906	-0.002
5950.000	5.000	-3.906	-0.002
5960.000	5.000	-13.672	-0.012
5970.000	5.000	-13.672	-0.012
5980.000	5.000	-13.672	-0.012
5990.000	5.000	0.000	-0.028
6000.000	5.000	0.000	-0.028
6010.000	5.000	0.000	-0.028
6020.000	5.000	9.766	-0.005
6030.000	5.000	9.766	-0.005
6040.000	5.000	9.766	-0.005
6050.000	5.000	0.000	-0.017
6060.000	5.000	0.000	-0.017
6070.000	5.000	0.000	-0.017
6080.000	5.000	-15.625	0.007
6090.000	5.000	-15.625	0.007
6100.000	5.000	-15.625	0.007
6110.000	5.000	-21.484	0.006
6120.000	5.000	-21.484	0.006
6130.000	5.000	-21.484	0.006
6140.000	5.000	9.766	0.009
6150.000	5.000	9.766	0.009
6160.000	5.000	9.766	0.009
6170.000	5.000	1.953	-0.014
6180.000	5.000	1.953	-0.014
6190.000	5.000	1.953	-0.014
6200.000	5.000	0.000	0.003
6210.000	5.000	0.000	0.003
6220.000	5.000	0.000	0.003
6230.000	5.000	-17.578	-0.006
6240.000	5.000	-17.578	-0.006
6250.000	5.000	-17.578	-0.006
6260.000	5.000	-3.906	0.005
6270.000	5.000	-3.906	0.005
6280.000	5.000	-3.906	0.005
6290.000	5.000	15.625	-0.012
6300.000	5.000	15.625	-0.012
6310.000	5.000	15.625	-0.012
6320.000	5.000	-23.437	-0.005
6330.000	5.000	-23.437	-0.005
6340.000	5.000	-23.437	-0.005
6350.000	5.000	3.906	-0.002
6360.000	5.000	3.906	-0.002
6370.000	5.000	3.906	-0.002
6380.000	5.000	-7.812	-0.007
6390.000	5.000	-7.812	-0.007
6400.000	5.000	-7.812	-0.007
6410.000	5.000	13.672	-0.014
6420.000	5.000	13.672	-0.014
6430.000	5.000	13.672	-0.014
6440.000	5.000	0.000	-0.016
6450.000	5.000	0.000	-0.016
6460.000	5.000	0.000	-0.016
6470.000	5.000	-29.297	-0.006
6480.000	5.000	-29.297	-0.006
6490.000	5.000	-29.297	-0.006
6500.000	5.000	1.953	-0.021
6510.000	5.000	1.953	-0.021
6520.000	5.000	1.953	-0.021
6530.000	5.000	-7.812	-0.004
6540.000	5.000	-7.812	-0.004
6550.000	5.000	-7.812	-0.004
6560.000	5.000	11.719	0.000
6570.000	5.000	11.719	0.000
6580.000	5.000	11.719	0.000
6590.000	5.000	1.953	-0.022
6600.000	5.000	1.953	-0.022
6610.000	5.000	1.953	-0.022
6620.000	5.000	-9.766	-0.015
6630.000	5.000	-9.766	-0.015
6640.000	5.000	-9.766	-0.015
6650.000	5.000	-13.672	-0.001
6660.000	5.000	-13.672	-0.001
6670.000	5.000	-13.672	-0.001
6680.000	5.000	-5.859	0.004
6690.000	5.000	-5.859	0.004
6700.000	5.000	-5.859	0.004
6710.000	5.000	17.578	0.000
6720.000	5.000	17.578	0.000
6730.000	5.000	17.578	0.000
6740.000	5.000	-23.437	0.003
6750.000	5.000	-23.437	0.003
6760.000	5.000	-23.437	0.003
6770.000	5.000	-11.719	-0.003
6780.000	5.000	-11.719	-0.003
6790.000	5.000	-11.719	-0.003
6800.000	5.000	-25.391	0.004
6810.000	5.000	-25.391	0.004
6820.000	5.000	-25.391	0.004
6830.000	5.000	-5.859	-0.008
6840.000	5.000	-5.859	-0.008
6850.000	5.000	-5.859	-0.008
6860.000	5.000	7.812	-0.012
6870.000	5.000	7.812	-0.012
6880.000	5.000	7.812	-0.012
6890.000	5.000	9.766	0.005
6900.000	5.000	9.766	0.005
6910.000	5.000	9.766	0.005
6920.000	5.000	-42.969	0.007
6930.000	5.000	-42.969	0.007
6940.000	5.000	-42.969	0.007
6950.000	5.000	11.719	-0.011
6960.000	5.000	11.719	-0.011
6970.000	5.000	11.719	-0.011
6980.000	5.000	-1.953	-0.006
6990.000	5.000	-1.953	-0.006
7000.000	5.000	-1.953	-0.006
7010.000	5.000	-21.484	-0.027
7020.000	5.000	-21.484	-0.027
