%Time [ms]	Commanded Torque [mNm]	Angular Velocity [RPM]	Actual Current [Amp]	%3/6/202010:01 AM
0.000	0.000	0.000	0.000
20.000	8.000	-9.766	0.012
30.000	8.000	-9.766	0.012
40.000	8.000	7.812	-0.003
50.000	8.000	7.812	-0.003
60.000	8.000	7.812	-0.003
70.000	8.000	-17.578	0.005
80.000	8.000	-17.578	0.005
90.000	8.000	-17.578	0.005
100.000	8.000	9.766	0.002
110.000	8.000	9.766	0.002
120.000	8.000	9.766	0.002
130.000	8.000	0.000	-0.001
140.000	8.000	0.000	-0.001
150.000	8.000	0.000	-0.001
160.000	8.000	-21.484	-0.004
170.000	8.000	-21.484	-0.004
180.000	8.000	-21.484	-0.004
190.000	8.000	-25.391	0.001
200.000	8.000	-25.391	0.001
210.000	8.000	-25.391	0.001
220.000	8.000	-27.344	0.003
230.000	8.000	-27.344	0.003
240.000	8.000	-27.344	0.003
250.000	8.000	-11.719	-0.007
260.000	8.000	-11.719	-0.007
270.000	8.000	-11.719	-0.007
280.000	8.000	-39.062	0.010
290.000	8.000	-39.062	0.010
300.000	8.000	-39.062	0.010
310.000	8.000	-3.906	-0.021
320.000	8.000	-3.906	-0.021
330.000	8.000	-3.906	-0.021
340.000	8.000	-1.953	-0.011
350.000	8.000	-1.953	-0.011
360.000	8.000	-1.953	-0.011
370.000	8.000	13.672	-0.006
380.000	8.000	13.672	-0.006
390.000	8.000	13.672	-0.006
400.000	8.000	-23.437	0.007
410.000	8.000	-23.437	0.007
420.000	8.000	-23.437	0.007
430.000	8.000	-7.812	0.005
440.000	8.000	-7.812	0.005
450.000	8.000	-7.812	0.005
460.000	8.000	-21.484	0.004
470.000	8.000	-21.484	0.004
480.000	8.000	-21.484	0.004
490.000	8.000	-21.484	-0.003
500.000	8.000	-21.484	-0.003
510.000	8.000	-21.484	-0.003
520.000	8.000	19.531	0.005
530.000	8.000	19.531	0.005
540.000	8.000	19.531	0.005
550.000	8.000	-1.953	-0.001
560.000	8.000	-1.953	-0.001
570.000	8.000	-1.953	-0.001
580.000	8.000	-15.625	-0.006
590.000	8.000	-15.625	-0.006
600.000	8.000	-15.625	-0.006
610.000	8.000	-1.953	-0.017
620.000	8.000	-1.953	-0.017
630.000	8.000	-1.953	-0.017
640.000	8.000	-1.953	-0.001
650.000	8.000	-1.953	-0.001
660.000	8.000	-1.953	-0.001
670.000	8.000	-17.578	-0.001
680.000	8.000	-17.578	-0.001
690.000	8.000	-17.578	-0.001
700.000	8.000	11.719	0.009
710.000	8.000	11.719	0.009
720.000	8.000	11.719	0.009
730.000	8.000	15.625	-0.004
740.000	8.000	15.625	-0.004
750.000	8.000	15.625	-0.004
760.000	8.000	-17.578	0.003
770.000	8.000	-17.578	0.003
780.000	8.000	-17.578	0.003
790.000	8.000	-15.625	-0.016
800.000	8.000	-15.625	-0.016
810.000	8.000	-15.625	-0.016
820.000	8.000	-9.766	-0.005
830.000	8.000	-9.766	-0.005
840.000	8.000	-9.766	-0.005
850.000	8.000	-5.859	-0.006
860.000	8.000	-5.859	-0.006
870.000	8.000	-5.859	-0.006
880.000	8.000	-7.812	-0.018
890.000	8.000	-7.812	-0.018
900.000	8.000	-7.812	-0.018
910.000	8.000	-23.437	0.003
920.000	8.000	-23.437	0.003
930.000	8.000	-23.437	0.003
940.000	8.000	-42.969	0.008
950.000	8.000	-42.969	0.008
960.000	8.000	-42.969	0.008
970.000	8.000	11.719	-0.016
980.000	8.000	11.719	-0.016
990.000	8.000	11.719	-0.016
1000.000	8.000	-17.578	-0.001
1010.000	8.000	-17.578	-0.001
1020.000	8.000	-17.578	-0.001
1030.000	8.000	-3.906	-0.020
1040.000	8.000	-3.906	-0.020
1050.000	8.000	-3.906	-0.020
1060.000	8.000	1.953	-0.014
1070.000	8.000	1.953	-0.014
1080.000	8.000	1.953	-0.014
1090.000	8.000	-37.109	-0.016
1100.000	8.000	-37.109	-0.016
1110.000	8.000	-37.109	-0.016
1120.000	8.000	-13.672	-0.012
1130.000	8.000	-13.672	-0.012
1140.000	8.000	-13.672	-0.012
1150.000	8.000	-25.391	0.006
1160.000	8.000	-25.391	0.006
1170.000	8.000	-25.391	0.006
1180.000	8.000	-29.297	0.006
1190.000	8.000	-29.297	0.006
1200.000	8.000	-29.297	0.006
1210.000	8.000	3.906	-0.011
1220.000	8.000	3.906	-0.011
1230.000	8.000	3.906	-0.011
1240.000	8.000	0.000	-0.006
1250.000	8.000	0.000	-0.006
1260.000	8.000	0.000	-0.006
1270.000	8.000	-13.672	-0.005
1280.000	8.000	-13.672	-0.005
1290.000	8.000	-13.672	-0.005
1300.000	8.000	-41.016	-0.010
1310.000	8.000	-41.016	-0.010
1320.000	8.000	-41.016	-0.010
1330.000	8.000	-1.953	-0.002
1340.000	8.000	-1.953	-0.002
1350.000	8.000	-1.953	-0.002
1360.000	8.000	-7.812	0.005
1370.000	8.000	-7.812	0.005
1380.000	8.000	-7.812	0.005
1390.000	8.000	-13.672	0.005
1400.000	8.000	-13.672	0.005
1410.000	8.000	-13.672	0.005
1420.000	8.000	-41.016	-0.009
1430.000	8.000	-41.016	-0.009
1440.000	8.000	-41.016	-0.009
1450.000	8.000	-21.484	-0.001
1460.000	8.000	-21.484	-0.001
1470.000	8.000	-21.484	-0.001
1480.000	8.000	-11.719	-0.007
1490.000	8.000	-11.719	-0.007
1500.000	8.000	-11.719	-0.007
1510.000	8.000	23.437	-0.002
1520.000	8.000	23.437	-0.002
1530.000	8.000	23.437	-0.002
1540.000	8.000	-7.812	-0.006
1550.000	8.000	-7.812	-0.006
1560.000	8.000	-7.812	-0.006
1570.000	8.000	-5.859	-0.006
1580.000	8.000	-5.859	-0.006
1590.000	8.000	-5.859	-0.006
1600.000	8.000	-37.109	0.009
1610.000	8.000	-37.109	0.009
1620.000	8.000	-37.109	0.009
1630.000	8.000	1.953	-0.005
1640.000	8.000	1.953	-0.005
1650.000	8.000	1.953	-0.005
1660.000	8.000	1.953	-0.019
1670.000	8.000	1.953	-0.019
1680.000	8.000	1.953	-0.019
1690.000	8.000	-17.578	-0.003
1700.000	8.000	-17.578	-0.003
1710.000	8.000	-17.578	-0.003
1720.000	8.000	-15.625	-0.008
1730.000	8.000	-15.625	-0.008
1740.000	8.000	-15.625	-0.008
1750.000	8.000	-25.391	0.000
1760.000	8.000	-25.391	0.000
1770.000	8.000	-25.391	0.000
1780.000	8.000	-29.297	-0.018
1790.000	8.000	-29.297	-0.018
1800.000	8.000	-29.297	-0.018
1810.000	8.000	7.812	-0.006
1820.000	8.000	7.812	-0.006
1830.000	8.000	7.812	-0.006
1840.000	8.000	-9.766	-0.009
1850.000	8.000	-9.766	-0.009
1860.000	8.000	-9.766	-0.009
1870.000	8.000	5.859	-0.005
1880.000	8.000	5.859	-0.005
1890.000	8.000	5.859	-0.005
1900.000	8.000	21.484	-0.005
1910.000	8.000	21.484	-0.005
1920.000	8.000	21.484	-0.005
1930.000	8.000	-5.859	-0.013
1940.000	8.000	-5.859	-0.013
1950.000	8.000	-5.859	-0.013
1960.000	8.000	11.719	0.004
1970.000	8.000	11.719	0.004
1980.000	8.000	11.719	0.004
1990.000	8.000	5.859	-0.010
2000.000	8.000	5.859	-0.010
2010.000	8.000	5.859	-0.010
2020.000	8.000	11.719	0.007
2030.000	8.000	11.719	0.007
2040.000	8.000	11.719	0.007
2050.000	8.000	3.906	0.010
2060.000	8.000	3.906	0.010
2070.000	8.000	3.906	0.010
2080.000	8.000	-48.828	0.013
2090.000	8.000	-48.828	0.013
2100.000	8.000	-48.828	0.013
2110.000	8.000	-27.344	-0.005
2120.000	8.000	-27.344	-0.005
2130.000	8.000	-27.344	-0.005
2140.000	8.000	-21.484	0.000
2150.000	8.000	-21.484	0.000
2160.000	8.000	-21.484	0.000
2170.000	8.000	17.578	-0.006
2180.000	8.000	17.578	-0.006
2190.000	8.000	17.578	-0.006
2200.000	8.000	-19.531	0.005
2210.000	8.000	-19.531	0.005
2220.000	8.000	-19.531	0.005
2230.000	8.000	0.000	-0.004
2240.000	8.000	0.000	-0.004
2250.000	8.000	0.000	-0.004
2260.000	8.000	13.672	0.009
2270.000	8.000	13.672	0.009
2280.000	8.000	13.672	0.009
2290.000	8.000	-5.859	-0.012
2300.000	8.000	-5.859	-0.012
2310.000	8.000	-5.859	-0.012
2320.000	8.000	-33.203	0.008
2330.000	8.000	-33.203	0.008
2340.000	8.000	-33.203	0.008
2350.000	8.000	9.766	-0.019
2360.000	8.000	9.766	-0.019
2370.000	8.000	9.766	-0.019
2380.000	8.000	-23.437	0.010
2390.000	8.000	-23.437	0.010
2400.000	8.000	-23.437	0.010
2410.000	8.000	-17.578	-0.003
2420.000	8.000	-17.578	-0.003
2430.000	8.000	-17.578	-0.003
2440.000	8.000	-3.906	-0.011
2450.000	8.000	-3.906	-0.011
2460.000	8.000	-3.906	-0.011
2470.000	8.000	11.719	-0.009
2480.000	8.000	11.719	-0.009
2490.000	8.000	11.719	-0.009
2500.000	8.000	5.859	-0.005
2510.000	8.000	5.859	-0.005
2520.000	8.000	5.859	-0.005
2530.000	8.000	5.859	-0.014
2540.000	8.000	5.859	-0.014
2550.000	8.000	5.859	-0.014
2560.000	8.000	15.625	-0.011
2570.000	8.000	15.625	-0.011
2580.000	8.000	15.625	-0.011
2590.000	8.000	-23.437	0.003
2600.000	8.000	-23.437	0.003
2610.000	8.000	-23.437	0.003
2620.000	8.000	-7.812	-0.001
2630.000	8.000	-7.812	-0.001
2640.000	8.000	-7.812	-0.001
2650.000	8.000	-17.578	-0.004
2660.000	8.000	-17.578	-0.004
2670.000	8.000	-17.578	-0.004
2680.000	8.000	-1.953	-0.003
2690.000	8.000	-1.953	-0.003
2700.000	8.000	-1.953	-0.003
2710.000	8.000	-35.156	0.004
2720.000	8.000	-35.156	0.004
2730.000	8.000	-35.156	0.004
2740.000	8.000	-23.437	-0.015
2750.000	8.000	-23.437	-0.015
2760.000	8.000	-23.437	-0.015
2770.000	8.000	-15.625	0.010
2780.000	8.000	-15.625	0.010
2790.000	8.000	-15.625	0.010
2800.000	8.000	3.906	-0.009
2810.000	8.000	3.906	-0.009
2820.000	8.000	3.906	-0.009
2830.000	8.000	-15.625	0.004
2840.000	8.000	-15.625	0.004
2850.000	8.000	-15.625	0.004
2860.000	8.000	-5.859	-0.007
2870.000	8.000	-5.859	-0.007
2880.000	8.000	-5.859	-0.007
2890.000	8.000	-44.922	0.008
2900.000	8.000	-44.922	0.008
2910.000	8.000	-44.922	0.008
2920.000	8.000	0.000	-0.021
2930.000	8.000	0.000	-0.021
2940.000	8.000	0.000	-0.021
2950.000	8.000	-42.969	0.010
2960.000	8.000	-42.969	0.010
2970.000	8.000	-42.969	0.010
2980.000	8.000	-31.250	-0.002
2990.000	8.000	-31.250	-0.002
3000.000	8.000	-31.250	-0.002
3010.000	8.000	-29.297	0.001
3020.000	8.000	-29.297	0.001
3030.000	8.000	-29.297	0.001
3040.000	8.000	9.766	-0.005
3050.000	8.000	9.766	-0.005
3060.000	8.000	9.766	-0.005
3070.000	8.000	-5.859	0.008
3080.000	8.000	-5.859	0.008
3090.000	8.000	-5.859	0.008
3100.000	8.000	-1.953	-0.020
3110.000	8.000	-1.953	-0.020
3120.000	8.000	-1.953	-0.020
3130.000	8.000	0.000	0.001
3140.000	8.000	0.000	0.001
3150.000	8.000	0.000	0.001
3160.000	8.000	0.000	-0.003
3170.000	8.000	0.000	-0.003
3180.000	8.000	0.000	-0.003
3190.000	8.000	-19.531	0.001
3200.000	8.000	-19.531	0.001
3210.000	8.000	-19.531	0.001
3220.000	8.000	11.719	0.002
3230.000	8.000	11.719	0.002
3240.000	8.000	11.719	0.002
3250.000	8.000	1.953	-0.001
3260.000	8.000	1.953	-0.001
3270.000	8.000	1.953	-0.001
3280.000	8.000	-11.719	-0.009
3290.000	8.000	-11.719	-0.009
3300.000	8.000	-11.719	-0.009
3310.000	8.000	17.578	-0.009
3320.000	8.000	17.578	-0.009
3330.000	8.000	17.578	-0.009
3340.000	8.000	11.719	0.006
3350.000	8.000	11.719	0.006
3360.000	8.000	11.719	0.006
3370.000	8.000	-27.344	0.003
3380.000	8.000	-27.344	0.003
3390.000	8.000	-27.344	0.003
3400.000	8.000	-7.812	-0.010
3410.000	8.000	-7.812	-0.010
3420.000	8.000	-7.812	-0.010
3430.000	8.000	13.672	0.009
3440.000	8.000	13.672	0.009
3450.000	8.000	13.672	0.009
3460.000	8.000	-29.297	0.004
3470.000	8.000	-29.297	0.004
3480.000	8.000	-29.297	0.004
3490.000	8.000	-21.484	-0.004
3500.000	8.000	-21.484	-0.004
3510.000	8.000	-21.484	-0.004
3520.000	8.000	-7.812	-0.010
3530.000	8.000	-7.812	-0.010
3540.000	8.000	-7.812	-0.010
3550.000	8.000	-11.719	0.005
3560.000	8.000	-11.719	0.005
3570.000	8.000	-11.719	0.005
3580.000	8.000	1.953	0.006
3590.000	8.000	1.953	0.006
3600.000	8.000	1.953	0.006
3610.000	8.000	-1.953	-0.014
3620.000	8.000	-1.953	-0.014
3630.000	8.000	-1.953	-0.014
3640.000	8.000	-15.625	0.005
3650.000	8.000	-15.625	0.005
3660.000	8.000	-15.625	0.005
3670.000	8.000	9.766	0.011
3680.000	8.000	9.766	0.011
3690.000	8.000	9.766	0.011
3700.000	8.000	17.578	-0.004
3710.000	8.000	17.578	-0.004
3720.000	8.000	17.578	-0.004
3730.000	8.000	-21.484	-0.008
3740.000	8.000	-21.484	-0.008
3750.000	8.000	-21.484	-0.008
3760.000	8.000	-1.953	-0.002
3770.000	8.000	-1.953	-0.002
3780.000	8.000	-1.953	-0.002
3790.000	8.000	17.578	-0.007
3800.000	8.000	17.578	-0.007
3810.000	8.000	17.578	-0.007
3820.000	8.000	-21.484	-0.006
3830.000	8.000	-21.484	-0.006
3840.000	8.000	-21.484	-0.006
3850.000	8.000	-5.859	-0.004
3860.000	8.000	-5.859	-0.004
3870.000	8.000	-5.859	-0.004
3880.000	8.000	-5.859	0.005
3890.000	8.000	-5.859	0.005
3900.000	8.000	-5.859	0.005
3910.000	8.000	1.953	0.006
3920.000	8.000	1.953	0.006
3930.000	8.000	1.953	0.006
3940.000	8.000	3.906	-0.010
3950.000	8.000	3.906	-0.010
3960.000	8.000	3.906	-0.010
3970.000	8.000	-1.953	-0.011
3980.000	8.000	-1.953	-0.011
3990.000	8.000	-1.953	-0.011
4000.000	8.000	7.812	-0.016
4010.000	8.000	7.812	-0.016
4020.000	8.000	7.812	-0.016
4030.000	8.000	5.859	0.006
4040.000	8.000	5.859	0.006
4050.000	8.000	5.859	0.006
4060.000	8.000	15.625	0.001
4070.000	8.000	15.625	0.001
4080.000	8.000	15.625	0.001
4090.000	8.000	3.906	-0.025
4100.000	8.000	3.906	-0.025
4110.000	8.000	3.906	-0.025
4120.000	8.000	-27.344	-0.009
4130.000	8.000	-27.344	-0.009
4140.000	8.000	-27.344	-0.009
4150.000	8.000	-1.953	-0.021
4160.000	8.000	-1.953	-0.021
4170.000	8.000	-1.953	-0.021
4180.000	8.000	-13.672	0.009
4190.000	8.000	-13.672	0.009
4200.000	8.000	-13.672	0.009
4210.000	8.000	-41.016	0.015
4220.000	8.000	-41.016	0.015
4230.000	8.000	-41.016	0.015
4240.000	8.000	-17.578	-0.013
4250.000	8.000	-17.578	-0.013
4260.000	8.000	-17.578	-0.013
4270.000	8.000	15.625	-0.003
4280.000	8.000	15.625	-0.003
4290.000	8.000	15.625	-0.003
4300.000	8.000	-9.766	0.003
4310.000	8.000	-9.766	0.003
4320.000	8.000	-9.766	0.003
4330.000	8.000	-27.344	0.005
4340.000	8.000	-27.344	0.005
4350.000	8.000	-27.344	0.005
4360.000	8.000	-15.625	0.007
4370.000	8.000	-15.625	0.007
4380.000	8.000	-15.625	0.007
4390.000	8.000	0.000	-0.002
4400.000	8.000	0.000	-0.002
4410.000	8.000	0.000	-0.002
4420.000	8.000	1.953	-0.009
4430.000	8.000	1.953	-0.009
4440.000	8.000	1.953	-0.009
4450.000	8.000	13.672	-0.011
4460.000	8.000	13.672	-0.011
4470.000	8.000	13.672	-0.011
4480.000	8.000	-29.297	0.001
4490.000	8.000	-29.297	0.001
4500.000	8.000	-29.297	0.001
4510.000	8.000	-41.016	0.007
4520.000	8.000	-41.016	0.007
4530.000	8.000	-41.016	0.007
4540.000	8.000	-1.953	-0.012
4550.000	8.000	-1.953	-0.012
4560.000	8.000	-1.953	-0.012
4570.000	8.000	-19.531	0.003
4580.000	8.000	-19.531	0.003
4590.000	8.000	-19.531	0.003
4600.000	8.000	9.766	-0.003
4610.000	8.000	9.766	-0.003
4620.000	8.000	9.766	-0.003
4630.000	8.000	3.906	-0.025
4640.000	8.000	3.906	-0.025
4650.000	8.000	3.906	-0.025
4660.000	8.000	-37.109	0.012
4670.000	8.000	-37.109	0.012
4680.000	8.000	-37.109	0.012
4690.000	8.000	0.000	-0.016
4700.000	8.000	0.000	-0.016
4710.000	8.000	0.000	-0.016
4720.000	8.000	-7.812	-0.001
4730.000	8.000	-7.812	-0.001
4740.000	8.000	-7.812	-0.001
4750.000	8.000	7.812	-0.001
4760.000	8.000	7.812	-0.001
4770.000	8.000	7.812	-0.001
4780.000	8.000	-42.969	0.011
4790.000	8.000	-42.969	0.011
4800.000	8.000	-42.969	0.011
4810.000	8.000	-13.672	-0.009
4820.000	8.000	-13.672	-0.009
4830.000	8.000	-13.672	-0.009
4840.000	8.000	-17.578	0.002
4850.000	8.000	-17.578	0.002
4860.000	8.000	-17.578	0.002
4870.000	8.000	3.906	-0.003
4880.000	8.000	3.906	-0.003
4890.000	8.000	3.906	-0.003
4900.000	8.000	17.578	-0.002
4910.000	8.000	17.578	-0.002
4920.000	8.000	17.578	-0.002
4930.000	8.000	-25.391	0.005
4940.000	8.000	-25.391	0.005
4950.000	8.000	-25.391	0.005
4960.000	8.000	-19.531	-0.010
4970.000	8.000	-19.531	-0.010
4980.000	8.000	-19.531	-0.010
4990.000	8.000	-13.672	-0.005
5000.000	8.000	-13.672	-0.005
5010.000	8.000	-13.672	-0.005
5020.000	8.000	-7.812	0.006
5030.000	8.000	-7.812	0.006
5040.000	8.000	-7.812	0.006
5050.000	8.000	11.719	-0.002
5060.000	8.000	11.719	-0.002
5070.000	8.000	11.719	-0.002
5080.000	8.000	-1.953	-0.001
5090.000	8.000	-1.953	-0.001
5100.000	8.000	-1.953	-0.001
5110.000	8.000	-9.766	-0.016
5120.000	8.000	-9.766	-0.016
5130.000	8.000	-9.766	-0.016
5140.000	8.000	0.000	-0.009
5150.000	8.000	0.000	-0.009
5160.000	8.000	0.000	-0.009
5170.000	8.000	7.812	-0.019
5180.000	8.000	7.812	-0.019
5190.000	8.000	7.812	-0.019
5200.000	8.000	-44.922	0.012
5210.000	8.000	-44.922	0.012
5220.000	8.000	-44.922	0.012
5230.000	8.000	3.906	-0.008
5240.000	8.000	3.906	-0.008
5250.000	8.000	3.906	-0.008
5260.000	8.000	1.953	-0.005
5270.000	8.000	1.953	-0.005
5280.000	8.000	1.953	-0.005
5290.000	8.000	5.859	-0.002
5300.000	8.000	5.859	-0.002
5310.000	8.000	5.859	-0.002
5320.000	8.000	11.719	-0.007
5330.000	8.000	11.719	-0.007
5340.000	8.000	11.719	-0.007
5350.000	8.000	-25.391	0.001
5360.000	8.000	-25.391	0.001
5370.000	8.000	-25.391	0.001
5380.000	8.000	3.906	-0.011
5390.000	8.000	3.906	-0.011
5400.000	8.000	3.906	-0.011
5410.000	8.000	5.859	-0.003
5420.000	8.000	5.859	-0.003
5430.000	8.000	5.859	-0.003
5440.000	8.000	-7.812	-0.008
5450.000	8.000	-7.812	-0.008
5460.000	8.000	-7.812	-0.008
5470.000	8.000	-5.859	-0.020
5480.000	8.000	-5.859	-0.020
5490.000	8.000	-5.859	-0.020
5500.000	8.000	17.578	-0.013
5510.000	8.000	17.578	-0.013
5520.000	8.000	17.578	-0.013
5530.000	8.000	0.000	-0.026
5540.000	8.000	0.000	-0.026
5550.000	8.000	0.000	-0.026
5560.000	8.000	-7.812	-0.011
5570.000	8.000	-7.812	-0.011
5580.000	8.000	-7.812	-0.011
5590.000	8.000	-21.484	0.000
5600.000	8.000	-21.484	0.000
5610.000	8.000	-21.484	0.000
5620.000	8.000	-5.859	0.001
5630.000	8.000	-5.859	0.001
5640.000	8.000	-5.859	0.001
5650.000	8.000	-9.766	-0.013
5660.000	8.000	-9.766	-0.013
5670.000	8.000	-9.766	-0.013
5680.000	8.000	-15.625	-0.001
5690.000	8.000	-15.625	-0.001
5700.000	8.000	-15.625	-0.001
5710.000	8.000	13.672	0.003
5720.000	8.000	13.672	0.003
5730.000	8.000	13.672	0.003
5740.000	8.000	1.953	0.002
5750.000	8.000	1.953	0.002
5760.000	8.000	1.953	0.002
5770.000	8.000	-21.484	-0.016
5780.000	8.000	-21.484	-0.016
5790.000	8.000	-21.484	-0.016
5800.000	8.000	-1.953	-0.021
5810.000	8.000	-1.953	-0.021
5820.000	8.000	-1.953	-0.021
5830.000	8.000	-5.859	-0.010
5840.000	8.000	-5.859	-0.010
5850.000	8.000	-5.859	-0.010
5860.000	8.000	-13.672	0.001
5870.000	8.000	-13.672	0.001
5880.000	8.000	-13.672	0.001
5890.000	8.000	11.719	-0.008
5900.000	8.000	11.719	-0.008
5910.000	8.000	11.719	-0.008
5920.000	8.000	-25.391	0.004
5930.000	8.000	-25.391	0.004
5940.000	8.000	-25.391	0.004
5950.000	8.000	9.766	0.004
5960.000	8.000	9.766	0.004
5970.000	8.000	9.766	0.004
5980.000	8.000	-25.391	0.002
5990.000	8.000	-25.391	0.002
6000.000	8.000	-25.391	0.002
6010.000	8.000	-5.859	-0.004
6020.000	8.000	-5.859	-0.004
6030.000	8.000	-5.859	-0.004
6040.000	8.000	-11.719	-0.009
6050.000	8.000	-11.719	-0.009
6060.000	8.000	-11.719	-0.009
6070.000	8.000	-19.531	0.002
6080.000	8.000	-19.531	0.002
6090.000	8.000	-19.531	0.002
6100.000	8.000	1.953	0.000
6110.000	8.000	1.953	0.000
6120.000	8.000	1.953	0.000
6130.000	8.000	-41.016	-0.013
6140.000	8.000	-41.016	-0.013
6150.000	8.000	-41.016	-0.013
6160.000	8.000	7.812	0.002
6170.000	8.000	7.812	0.002
6180.000	8.000	7.812	0.002
6190.000	8.000	9.766	-0.008
6200.000	8.000	9.766	-0.008
6210.000	8.000	9.766	-0.008
6220.000	8.000	-17.578	0.005
6230.000	8.000	-17.578	0.005
6240.000	8.000	-17.578	0.005
6250.000	8.000	15.625	-0.010
6260.000	8.000	15.625	-0.010
6270.000	8.000	15.625	-0.010
6280.000	8.000	-25.391	0.004
6290.000	8.000	-25.391	0.004
6300.000	8.000	-25.391	0.004
6310.000	8.000	23.437	0.002
6320.000	8.000	23.437	0.002
6330.000	8.000	23.437	0.002
6340.000	8.000	15.625	0.004
6350.000	8.000	15.625	0.004
6360.000	8.000	15.625	0.004
6370.000	8.000	-19.531	-0.004
6380.000	8.000	-19.531	-0.004
6390.000	8.000	-19.531	-0.004
6400.000	8.000	0.000	-0.005
6410.000	8.000	0.000	-0.005
6420.000	8.000	0.000	-0.005
6430.000	8.000	-5.859	0.002
6440.000	8.000	-5.859	0.002
6450.000	8.000	-5.859	0.002
6460.000	8.000	-21.484	0.005
6470.000	8.000	-21.484	0.005
6480.000	8.000	-21.484	0.005
6490.000	8.000	-23.437	0.002
6500.000	8.000	-23.437	0.002
6510.000	8.000	-23.437	0.002
6520.000	8.000	11.719	0.018
6530.000	8.000	11.719	0.018
6540.000	8.000	11.719	0.018
6550.000	8.000	-31.250	0.011
6560.000	8.000	-31.250	0.011
6570.000	8.000	-31.250	0.011
6580.000	8.000	-29.297	0.003
6590.000	8.000	-29.297	0.003
6600.000	8.000	-29.297	0.003
6610.000	8.000	-9.766	-0.014
6620.000	8.000	-9.766	-0.014
6630.000	8.000	-9.766	-0.014
6640.000	8.000	-17.578	-0.007
6650.000	8.000	-17.578	-0.007
6660.000	8.000	-17.578	-0.007
6670.000	8.000	-15.625	-0.013
6680.000	8.000	-15.625	-0.013
6690.000	8.000	-15.625	-0.013
6700.000	8.000	-19.531	-0.006
6710.000	8.000	-19.531	-0.006
6720.000	8.000	-19.531	-0.006
6730.000	8.000	-11.719	-0.013
6740.000	8.000	-11.719	-0.013
6750.000	8.000	-11.719	-0.013
6760.000	8.000	5.859	-0.014
6770.000	8.000	5.859	-0.014
6780.000	8.000	5.859	-0.014
6790.000	8.000	23.437	-0.005
6800.000	8.000	23.437	-0.005
6810.000	8.000	23.437	-0.005
6820.000	8.000	-29.297	-0.022
6830.000	8.000	-29.297	-0.022
6840.000	8.000	-29.297	-0.022
6850.000	8.000	-39.062	0.010
6860.000	8.000	-39.062	0.010
6870.000	8.000	-39.062	0.010
6880.000	8.000	3.906	-0.008
6890.000	8.000	3.906	-0.008
6900.000	8.000	3.906	-0.008
6910.000	8.000	-11.719	0.006
6920.000	8.000	-11.719	0.006
6930.000	8.000	-11.719	0.006
6940.000	8.000	-5.859	-0.005
6950.000	8.000	-5.859	-0.005
6960.000	8.000	-5.859	-0.005
6970.000	8.000	-35.156	-0.001
6980.000	8.000	-35.156	-0.001
6990.000	8.000	-35.156	-0.001
7000.000	8.000	-19.531	-0.002
7010.000	8.000	-19.531	-0.002
7020.000	8.000	-19.531	-0.002
