%Time [ms]	Commanded Torque [mNm]	Angular Velocity [RPM]	Actual Current [Amp]	%3/6/202010:00 AM
0.000	0.000	0.000	0.000
20.000	12.000	-1.953	0.006
30.000	12.000	9.766	-0.014
40.000	12.000	9.766	-0.014
50.000	12.000	9.766	-0.014
60.000	12.000	1.953	-0.003
70.000	12.000	1.953	-0.003
80.000	12.000	1.953	-0.003
90.000	12.000	-25.391	-0.002
100.000	12.000	-25.391	-0.002
110.000	12.000	-25.391	-0.002
120.000	12.000	-23.437	0.001
130.000	12.000	-23.437	0.001
140.000	12.000	-23.437	0.001
150.000	12.000	11.719	0.002
160.000	12.000	11.719	0.002
170.000	12.000	11.719	0.002
180.000	12.000	-15.625	0.010
190.000	12.000	-15.625	0.010
200.000	12.000	-15.625	0.010
210.000	12.000	5.859	-0.001
220.000	12.000	5.859	-0.001
230.000	12.000	5.859	-0.001
240.000	12.000	19.531	-0.009
250.000	12.000	19.531	-0.009
260.000	12.000	19.531	-0.009
270.000	12.000	-17.578	-0.006
280.000	12.000	-17.578	-0.006
290.000	12.000	-17.578	-0.006
300.000	12.000	-15.625	0.001
310.000	12.000	-15.625	0.001
320.000	12.000	-15.625	0.001
330.000	12.000	-33.203	0.007
340.000	12.000	-33.203	0.007
350.000	12.000	-33.203	0.007
360.000	12.000	0.000	-0.012
370.000	12.000	0.000	-0.012
380.000	12.000	0.000	-0.012
390.000	12.000	-13.672	-0.001
400.000	12.000	-13.672	-0.001
410.000	12.000	-13.672	-0.001
420.000	12.000	19.531	-0.008
430.000	12.000	19.531	-0.008
440.000	12.000	19.531	-0.008
450.000	12.000	-15.625	0.008
460.000	12.000	-15.625	0.008
470.000	12.000	-15.625	0.008
480.000	12.000	17.578	0.012
490.000	12.000	17.578	0.012
500.000	12.000	17.578	0.012
510.000	12.000	-1.953	-0.001
520.000	12.000	-1.953	-0.001
530.000	12.000	-1.953	-0.001
540.000	12.000	-11.719	-0.014
550.000	12.000	-11.719	-0.014
560.000	12.000	-11.719	-0.014
570.000	12.000	15.625	-0.004
580.000	12.000	15.625	-0.004
590.000	12.000	15.625	-0.004
600.000	12.000	-5.859	0.004
610.000	12.000	-5.859	0.004
620.000	12.000	-5.859	0.004
630.000	12.000	-33.203	-0.018
640.000	12.000	-33.203	-0.018
650.000	12.000	-33.203	-0.018
660.000	12.000	-23.437	0.004
670.000	12.000	-23.437	0.004
680.000	12.000	-23.437	0.004
690.000	12.000	-19.531	0.001
700.000	12.000	-19.531	0.001
710.000	12.000	-19.531	0.001
720.000	12.000	-1.953	-0.012
730.000	12.000	-1.953	-0.012
740.000	12.000	-1.953	-0.012
750.000	12.000	-5.859	0.003
760.000	12.000	-5.859	0.003
770.000	12.000	-5.859	0.003
780.000	12.000	-21.484	0.005
790.000	12.000	-21.484	0.005
800.000	12.000	-21.484	0.005
810.000	12.000	-19.531	-0.006
820.000	12.000	-19.531	-0.006
830.000	12.000	-19.531	-0.006
840.000	12.000	-21.484	0.000
850.000	12.000	-21.484	0.000
860.000	12.000	-21.484	0.000
870.000	12.000	-17.578	0.001
880.000	12.000	-17.578	0.001
890.000	12.000	-17.578	0.001
900.000	12.000	-15.625	-0.005
910.000	12.000	-15.625	-0.005
920.000	12.000	-15.625	-0.005
930.000	12.000	-7.812	-0.009
940.000	12.000	-7.812	-0.009
950.000	12.000	-7.812	-0.009
960.000	12.000	-19.531	0.000
970.000	12.000	-19.531	0.000
980.000	12.000	-19.531	0.000
990.000	12.000	7.812	-0.014
1000.000	12.000	7.812	-0.014
1010.000	12.000	7.812	-0.014
1020.000	12.000	-23.437	-0.001
1030.000	12.000	-23.437	-0.001
1040.000	12.000	-23.437	-0.001
1050.000	12.000	-21.484	-0.005
1060.000	12.000	-21.484	-0.005
1070.000	12.000	-21.484	-0.005
1080.000	12.000	-17.578	-0.003
1090.000	12.000	-17.578	-0.003
1100.000	12.000	-17.578	-0.003
1110.000	12.000	-7.812	-0.014
1120.000	12.000	-7.812	-0.014
1130.000	12.000	-7.812	-0.014
1140.000	12.000	-9.766	0.012
1150.000	12.000	-9.766	0.012
1160.000	12.000	-9.766	0.012
1170.000	12.000	-23.437	0.001
1180.000	12.000	-23.437	0.001
1190.000	12.000	-23.437	0.001
1200.000	12.000	-27.344	0.003
1210.000	12.000	-27.344	0.003
1220.000	12.000	-27.344	0.003
1230.000	12.000	-21.484	-0.011
1240.000	12.000	-21.484	-0.011
1250.000	12.000	-21.484	-0.011
1260.000	12.000	-41.016	-0.008
1270.000	12.000	-41.016	-0.008
1280.000	12.000	-41.016	-0.008
1290.000	12.000	0.000	-0.015
1300.000	12.000	0.000	-0.015
1310.000	12.000	0.000	-0.015
1320.000	12.000	-31.250	-0.003
1330.000	12.000	-31.250	-0.003
1340.000	12.000	-31.250	-0.003
1350.000	12.000	-9.766	0.003
1360.000	12.000	-9.766	0.003
1370.000	12.000	-9.766	0.003
1380.000	12.000	13.672	-0.008
1390.000	12.000	13.672	-0.008
1400.000	12.000	13.672	-0.008
1410.000	12.000	5.859	-0.023
1420.000	12.000	5.859	-0.023
1430.000	12.000	5.859	-0.023
1440.000	12.000	15.625	-0.012
1450.000	12.000	15.625	-0.012
1460.000	12.000	15.625	-0.012
1470.000	12.000	11.719	-0.001
1480.000	12.000	11.719	-0.001
1490.000	12.000	11.719	-0.001
1500.000	12.000	5.859	0.004
1510.000	12.000	5.859	0.004
1520.000	12.000	5.859	0.004
1530.000	12.000	-7.812	-0.014
1540.000	12.000	-7.812	-0.014
1550.000	12.000	-7.812	-0.014
1560.000	12.000	-3.906	-0.015
1570.000	12.000	-3.906	-0.015
1580.000	12.000	-3.906	-0.015
1590.000	12.000	-33.203	0.006
1600.000	12.000	-33.203	0.006
1610.000	12.000	-33.203	0.006
1620.000	12.000	9.766	0.011
1630.000	12.000	9.766	0.011
1640.000	12.000	9.766	0.011
1650.000	12.000	11.719	-0.013
1660.000	12.000	11.719	-0.013
1670.000	12.000	11.719	-0.013
1680.000	12.000	-9.766	0.001
1690.000	12.000	-9.766	0.001
1700.000	12.000	-9.766	0.001
1710.000	12.000	-7.812	0.006
1720.000	12.000	-7.812	0.006
1730.000	12.000	-7.812	0.006
1740.000	12.000	9.766	-0.015
1750.000	12.000	9.766	-0.015
1760.000	12.000	9.766	-0.015
1770.000	12.000	13.672	-0.004
1780.000	12.000	13.672	-0.004
1790.000	12.000	13.672	-0.004
1800.000	12.000	-5.859	0.008
1810.000	12.000	-5.859	0.008
1820.000	12.000	-5.859	0.008
1830.000	12.000	-11.719	-0.015
1840.000	12.000	-11.719	-0.015
1850.000	12.000	-11.719	-0.015
1860.000	12.000	-5.859	-0.003
1870.000	12.000	-5.859	-0.003
1880.000	12.000	-5.859	-0.003
1890.000	12.000	17.578	-0.010
1900.000	12.000	17.578	-0.010
1910.000	12.000	17.578	-0.010
1920.000	12.000	-27.344	-0.009
1930.000	12.000	-27.344	-0.009
1940.000	12.000	-27.344	-0.009
1950.000	12.000	-27.344	-0.004
1960.000	12.000	-27.344	-0.004
1970.000	12.000	-27.344	-0.004
1980.000	12.000	-17.578	0.001
1990.000	12.000	-17.578	0.001
2000.000	12.000	-17.578	0.001
2010.000	12.000	-37.109	0.011
2020.000	12.000	-37.109	0.011
2030.000	12.000	-37.109	0.011
2040.000	12.000	-46.875	0.010
2050.000	12.000	-46.875	0.010
2060.000	12.000	-46.875	0.010
2070.000	12.000	-35.156	0.019
2080.000	12.000	-35.156	0.019
2090.000	12.000	-35.156	0.019
2100.000	12.000	0.000	-0.020
2110.000	12.000	0.000	-0.020
2120.000	12.000	0.000	-0.020
2130.000	12.000	15.625	-0.003
2140.000	12.000	15.625	-0.003
2150.000	12.000	15.625	-0.003
2160.000	12.000	-13.672	-0.017
2170.000	12.000	-13.672	-0.017
2180.000	12.000	-13.672	-0.017
2190.000	12.000	-33.203	0.007
2200.000	12.000	-33.203	0.007
2210.000	12.000	-33.203	0.007
2220.000	12.000	15.625	-0.002
2230.000	12.000	15.625	-0.002
2240.000	12.000	15.625	-0.002
2250.000	12.000	0.000	-0.010
2260.000	12.000	0.000	-0.010
2270.000	12.000	0.000	-0.010
2280.000	12.000	5.859	-0.017
2290.000	12.000	5.859	-0.017
2300.000	12.000	5.859	-0.017
2310.000	12.000	-17.578	-0.002
2320.000	12.000	-17.578	-0.002
2330.000	12.000	-17.578	-0.002
2340.000	12.000	-23.437	0.000
2350.000	12.000	-23.437	0.000
2360.000	12.000	-23.437	0.000
2370.000	12.000	-1.953	-0.007
2380.000	12.000	-1.953	-0.007
2390.000	12.000	-1.953	-0.007
2400.000	12.000	-31.250	0.008
2410.000	12.000	-31.250	0.008
2420.000	12.000	-31.250	0.008
2430.000	12.000	-35.156	0.005
2440.000	12.000	-35.156	0.005
2450.000	12.000	-35.156	0.005
2460.000	12.000	5.859	-0.023
2470.000	12.000	5.859	-0.023
2480.000	12.000	5.859	-0.023
2490.000	12.000	-7.812	0.005
2500.000	12.000	-7.812	0.005
2510.000	12.000	-7.812	0.005
2520.000	12.000	0.000	-0.010
2530.000	12.000	0.000	-0.010
2540.000	12.000	0.000	-0.010
2550.000	12.000	-39.062	0.012
2560.000	12.000	-39.062	0.012
2570.000	12.000	-39.062	0.012
2580.000	12.000	-7.812	-0.009
2590.000	12.000	-7.812	-0.009
2600.000	12.000	-7.812	-0.009
2610.000	12.000	-5.859	0.000
2620.000	12.000	-5.859	0.000
2630.000	12.000	-5.859	0.000
2640.000	12.000	-19.531	-0.005
2650.000	12.000	-19.531	-0.005
2660.000	12.000	-19.531	-0.005
2670.000	12.000	0.000	0.006
2680.000	12.000	0.000	0.006
2690.000	12.000	0.000	0.006
2700.000	12.000	9.766	0.004
2710.000	12.000	9.766	0.004
2720.000	12.000	9.766	0.004
2730.000	12.000	7.812	-0.009
2740.000	12.000	7.812	-0.009
2750.000	12.000	7.812	-0.009
2760.000	12.000	7.812	-0.002
2770.000	12.000	7.812	-0.002
2780.000	12.000	7.812	-0.002
2790.000	12.000	-17.578	-0.007
2800.000	12.000	-17.578	-0.007
2810.000	12.000	-17.578	-0.007
2820.000	12.000	-1.953	-0.010
2830.000	12.000	-1.953	-0.010
2840.000	12.000	-1.953	-0.010
2850.000	12.000	-1.953	-0.005
2860.000	12.000	-1.953	-0.005
2870.000	12.000	-1.953	-0.005
2880.000	12.000	-11.719	-0.018
2890.000	12.000	-11.719	-0.018
2900.000	12.000	-11.719	-0.018
2910.000	12.000	-5.859	-0.017
2920.000	12.000	-5.859	-0.017
2930.000	12.000	-5.859	-0.017
2940.000	12.000	-27.344	0.002
2950.000	12.000	-27.344	0.002
2960.000	12.000	-27.344	0.002
2970.000	12.000	-7.812	-0.007
2980.000	12.000	-7.812	-0.007
2990.000	12.000	-7.812	-0.007
3000.000	12.000	11.719	-0.023
3010.000	12.000	11.719	-0.023
3020.000	12.000	11.719	-0.023
3030.000	12.000	-41.016	0.013
3040.000	12.000	-41.016	0.013
3050.000	12.000	-41.016	0.013
3060.000	12.000	7.812	-0.015
3070.000	12.000	7.812	-0.015
3080.000	12.000	7.812	-0.015
3090.000	12.000	-11.719	-0.020
3100.000	12.000	-11.719	-0.020
3110.000	12.000	-11.719	-0.020
3120.000	12.000	13.672	-0.007
3130.000	12.000	13.672	-0.007
3140.000	12.000	13.672	-0.007
3150.000	12.000	-7.812	-0.010
3160.000	12.000	-7.812	-0.010
3170.000	12.000	-7.812	-0.010
3180.000	12.000	-25.391	-0.002
3190.000	12.000	-25.391	-0.002
3200.000	12.000	-25.391	-0.002
3210.000	12.000	-41.016	-0.008
3220.000	12.000	-41.016	-0.008
3230.000	12.000	-41.016	-0.008
3240.000	12.000	-7.812	-0.009
3250.000	12.000	-7.812	-0.009
3260.000	12.000	-7.812	-0.009
3270.000	12.000	-17.578	-0.013
3280.000	12.000	-17.578	-0.013
3290.000	12.000	-17.578	-0.013
3300.000	12.000	-3.906	-0.016
3310.000	12.000	-3.906	-0.016
3320.000	12.000	-3.906	-0.016
3330.000	12.000	-15.625	0.008
3340.000	12.000	-15.625	0.008
3350.000	12.000	-15.625	0.008
3360.000	12.000	-31.250	-0.013
3370.000	12.000	-31.250	-0.013
3380.000	12.000	-31.250	-0.013
3390.000	12.000	-44.922	-0.013
3400.000	12.000	-44.922	-0.013
3410.000	12.000	-44.922	-0.013
3420.000	12.000	-15.625	0.002
3430.000	12.000	-15.625	0.002
3440.000	12.000	-15.625	0.002
3450.000	12.000	15.625	-0.003
3460.000	12.000	15.625	-0.003
3470.000	12.000	15.625	-0.003
3480.000	12.000	-31.250	0.005
3490.000	12.000	-31.250	0.005
3500.000	12.000	-31.250	0.005
3510.000	12.000	11.719	-0.006
3520.000	12.000	11.719	-0.006
3530.000	12.000	11.719	-0.006
3540.000	12.000	5.859	0.003
3550.000	12.000	5.859	0.003
3560.000	12.000	5.859	0.003
3570.000	12.000	-3.906	-0.007
3580.000	12.000	-3.906	-0.007
3590.000	12.000	-3.906	-0.007
3600.000	12.000	11.719	-0.002
3610.000	12.000	11.719	-0.002
3620.000	12.000	11.719	-0.002
3630.000	12.000	-23.437	-0.001
3640.000	12.000	-23.437	-0.001
3650.000	12.000	-23.437	-0.001
3660.000	12.000	17.578	0.002
3670.000	12.000	17.578	0.002
3680.000	12.000	17.578	0.002
3690.000	12.000	7.812	-0.006
3700.000	12.000	7.812	-0.006
3710.000	12.000	7.812	-0.006
3720.000	12.000	-21.484	0.005
3730.000	12.000	-21.484	0.005
3740.000	12.000	-21.484	0.005
3750.000	12.000	-15.625	0.000
3760.000	12.000	-15.625	0.000
3770.000	12.000	-15.625	0.000
3780.000	12.000	1.953	-0.019
3790.000	12.000	1.953	-0.019
3800.000	12.000	1.953	-0.019
3810.000	12.000	-7.812	-0.005
3820.000	12.000	-7.812	-0.005
3830.000	12.000	-7.812	-0.005
3840.000	12.000	11.719	0.002
3850.000	12.000	11.719	0.002
3860.000	12.000	11.719	0.002
3870.000	12.000	-1.953	0.002
3880.000	12.000	-1.953	0.002
3890.000	12.000	-1.953	0.002
3900.000	12.000	-7.812	-0.009
3910.000	12.000	-7.812	-0.009
3920.000	12.000	-7.812	-0.009
3930.000	12.000	-7.812	-0.017
3940.000	12.000	-7.812	-0.017
3950.000	12.000	-7.812	-0.017
3960.000	12.000	-15.625	-0.007
3970.000	12.000	-15.625	-0.007
3980.000	12.000	-15.625	-0.007
3990.000	12.000	-7.812	-0.011
4000.000	12.000	-7.812	-0.011
4010.000	12.000	-7.812	-0.011
4020.000	12.000	-5.859	-0.004
4030.000	12.000	-5.859	-0.004
4040.000	12.000	-5.859	-0.004
4050.000	12.000	0.000	-0.010
4060.000	12.000	0.000	-0.010
4070.000	12.000	0.000	-0.010
4080.000	12.000	-9.766	0.013
4090.000	12.000	-9.766	0.013
4100.000	12.000	-9.766	0.013
4110.000	12.000	17.578	0.007
4120.000	12.000	17.578	0.007
4130.000	12.000	17.578	0.007
4140.000	12.000	-3.906	0.002
4150.000	12.000	-3.906	0.002
4160.000	12.000	-3.906	0.002
4170.000	12.000	-15.625	-0.003
4180.000	12.000	-15.625	-0.003
4190.000	12.000	-15.625	-0.003
4200.000	12.000	-9.766	-0.024
4210.000	12.000	-9.766	-0.024
4220.000	12.000	-9.766	-0.024
4230.000	12.000	-17.578	-0.008
4240.000	12.000	-17.578	-0.008
4250.000	12.000	-17.578	-0.008
4260.000	12.000	-35.156	-0.011
4270.000	12.000	-35.156	-0.011
4280.000	12.000	-35.156	-0.011
4290.000	12.000	-3.906	-0.012
4300.000	12.000	-3.906	-0.012
4310.000	12.000	-3.906	-0.012
4320.000	12.000	-21.484	-0.003
4330.000	12.000	-21.484	-0.003
4340.000	12.000	-21.484	-0.003
4350.000	12.000	-13.672	0.003
4360.000	12.000	-13.672	0.003
4370.000	12.000	-13.672	0.003
4380.000	12.000	11.719	-0.011
4390.000	12.000	11.719	-0.011
4400.000	12.000	11.719	-0.011
4410.000	12.000	-9.766	0.008
4420.000	12.000	-9.766	0.008
4430.000	12.000	-9.766	0.008
4440.000	12.000	-1.953	-0.011
4450.000	12.000	-1.953	-0.011
4460.000	12.000	-1.953	-0.011
4470.000	12.000	-3.906	-0.005
4480.000	12.000	-3.906	-0.005
4490.000	12.000	-3.906	-0.005
4500.000	12.000	-31.250	-0.012
4510.000	12.000	-31.250	-0.012
4520.000	12.000	-31.250	-0.012
4530.000	12.000	9.766	-0.016
4540.000	12.000	9.766	-0.016
4550.000	12.000	9.766	-0.016
4560.000	12.000	-15.625	-0.009
4570.000	12.000	-15.625	-0.009
4580.000	12.000	-15.625	-0.009
4590.000	12.000	0.000	0.006
4600.000	12.000	0.000	0.006
4610.000	12.000	0.000	0.006
4620.000	12.000	5.859	0.013
4630.000	12.000	5.859	0.013
4640.000	12.000	5.859	0.013
4650.000	12.000	0.000	0.010
4660.000	12.000	0.000	0.010
4670.000	12.000	0.000	0.010
4680.000	12.000	-44.922	0.011
4690.000	12.000	-44.922	0.011
4700.000	12.000	-44.922	0.011
4710.000	12.000	-21.484	-0.028
4720.000	12.000	-21.484	-0.028
4730.000	12.000	-21.484	-0.028
4740.000	12.000	-23.437	-0.016
4750.000	12.000	-23.437	-0.016
4760.000	12.000	-23.437	-0.016
4770.000	12.000	0.000	-0.002
4780.000	12.000	0.000	-0.002
4790.000	12.000	0.000	-0.002
4800.000	12.000	-5.859	-0.013
4810.000	12.000	-5.859	-0.013
4820.000	12.000	-5.859	-0.013
4830.000	12.000	-21.484	0.005
4840.000	12.000	-21.484	0.005
4850.000	12.000	-21.484	0.005
4860.000	12.000	3.906	0.002
4870.000	12.000	3.906	0.002
4880.000	12.000	3.906	0.002
4890.000	12.000	21.484	-0.009
4900.000	12.000	21.484	-0.009
4910.000	12.000	21.484	-0.009
4920.000	12.000	-7.812	-0.014
4930.000	12.000	-7.812	-0.014
4940.000	12.000	-7.812	-0.014
4950.000	12.000	-9.766	-0.013
4960.000	12.000	-9.766	-0.013
4970.000	12.000	-9.766	-0.013
4980.000	12.000	1.953	-0.016
4990.000	12.000	1.953	-0.016
5000.000	12.000	1.953	-0.016
5010.000	12.000	-1.953	0.006
5020.000	12.000	-1.953	0.006
5030.000	12.000	-1.953	0.006
5040.000	12.000	-42.969	0.006
5050.000	12.000	-42.969	0.006
5060.000	12.000	-42.969	0.006
5070.000	12.000	-1.953	-0.011
5080.000	12.000	-1.953	-0.011
5090.000	12.000	-1.953	-0.011
5100.000	12.000	-11.719	-0.027
5110.000	12.000	-11.719	-0.027
5120.000	12.000	-11.719	-0.027
5130.000	12.000	15.625	-0.007
5140.000	12.000	15.625	-0.007
5150.000	12.000	15.625	-0.007
5160.000	12.000	-31.250	0.000
5170.000	12.000	-31.250	0.000
5180.000	12.000	-31.250	0.000
5190.000	12.000	7.812	-0.007
5200.000	12.000	7.812	-0.007
5210.000	12.000	7.812	-0.007
5220.000	12.000	5.859	-0.021
5230.000	12.000	5.859	-0.021
5240.000	12.000	5.859	-0.021
5250.000	12.000	5.859	0.004
5260.000	12.000	5.859	0.004
5270.000	12.000	5.859	0.004
5280.000	12.000	-19.531	-0.020
5290.000	12.000	-19.531	-0.020
5300.000	12.000	-19.531	-0.020
5310.000	12.000	-1.953	0.001
5320.000	12.000	-1.953	0.001
5330.000	12.000	-1.953	0.001
5340.000	12.000	-5.859	-0.017
5350.000	12.000	-5.859	-0.017
5360.000	12.000	-5.859	-0.017
5370.000	12.000	-31.250	-0.006
5380.000	12.000	-31.250	-0.006
5390.000	12.000	-31.250	-0.006
5400.000	12.000	-11.719	-0.024
5410.000	12.000	-11.719	-0.024
5420.000	12.000	-11.719	-0.024
5430.000	12.000	-13.672	-0.005
5440.000	12.000	-13.672	-0.005
5450.000	12.000	-13.672	-0.005
5460.000	12.000	5.859	-0.005
5470.000	12.000	5.859	-0.005
5480.000	12.000	5.859	-0.005
5490.000	12.000	0.000	-0.027
5500.000	12.000	0.000	-0.027
5510.000	12.000	0.000	-0.027
5520.000	12.000	-13.672	0.002
5530.000	12.000	-13.672	0.002
5540.000	12.000	-13.672	0.002
5550.000	12.000	9.766	-0.007
5560.000	12.000	9.766	-0.007
5570.000	12.000	9.766	-0.007
5580.000	12.000	-7.812	0.006
5590.000	12.000	-7.812	0.006
5600.000	12.000	-7.812	0.006
5610.000	12.000	-15.625	-0.006
5620.000	12.000	-15.625	-0.006
5630.000	12.000	-15.625	-0.006
5640.000	12.000	-27.344	0.002
5650.000	12.000	-27.344	0.002
5660.000	12.000	-27.344	0.002
5670.000	12.000	7.812	-0.020
5680.000	12.000	7.812	-0.020
5690.000	12.000	7.812	-0.020
5700.000	12.000	9.766	-0.008
5710.000	12.000	9.766	-0.008
5720.000	12.000	9.766	-0.008
5730.000	12.000	0.000	0.001
5740.000	12.000	0.000	0.001
5750.000	12.000	0.000	0.001
5760.000	12.000	-13.672	-0.012
5770.000	12.000	-13.672	-0.012
5780.000	12.000	-13.672	-0.012
5790.000	12.000	-7.812	-0.023
5800.000	12.000	-7.812	-0.023
5810.000	12.000	-7.812	-0.023
5820.000	12.000	-3.906	-0.012
5830.000	12.000	-3.906	-0.012
5840.000	12.000	-3.906	-0.012
5850.000	12.000	9.766	-0.009
5860.000	12.000	9.766	-0.009
5870.000	12.000	9.766	-0.009
5880.000	12.000	1.953	-0.011
5890.000	12.000	1.953	-0.011
5900.000	12.000	1.953	-0.011
5910.000	12.000	11.719	-0.009
5920.000	12.000	11.719	-0.009
5930.000	12.000	11.719	-0.009
5940.000	12.000	-15.625	-0.003
5950.000	12.000	-15.625	-0.003
5960.000	12.000	-15.625	-0.003
5970.000	12.000	-21.484	-0.005
5980.000	12.000	-21.484	-0.005
5990.000	12.000	-21.484	-0.005
6000.000	12.000	0.000	-0.012
6010.000	12.000	0.000	-0.012
6020.000	12.000	0.000	-0.012
6030.000	12.000	15.625	-0.012
6040.000	12.000	15.625	-0.012
6050.000	12.000	15.625	-0.012
6060.000	12.000	1.953	-0.006
6070.000	12.000	1.953	-0.006
6080.000	12.000	1.953	-0.006
6090.000	12.000	11.719	0.001
6100.000	12.000	11.719	0.001
6110.000	12.000	11.719	0.001
6120.000	12.000	-13.672	-0.028
6130.000	12.000	-13.672	-0.028
6140.000	12.000	-13.672	-0.028
6150.000	12.000	21.484	-0.008
6160.000	12.000	21.484	-0.008
6170.000	12.000	21.484	-0.008
6180.000	12.000	-42.969	-0.017
6190.000	12.000	-42.969	-0.017
6200.000	12.000	-42.969	-0.017
6210.000	12.000	1.953	-0.008
6220.000	12.000	1.953	-0.008
6230.000	12.000	1.953	-0.008
6240.000	12.000	-23.437	-0.006
6250.000	12.000	-23.437	-0.006
6260.000	12.000	-23.437	-0.006
6270.000	12.000	11.719	-0.015
6280.000	12.000	11.719	-0.015
6290.000	12.000	11.719	-0.015
6300.000	12.000	21.484	-0.006
6310.000	12.000	21.484	-0.006
6320.000	12.000	21.484	-0.006
6330.000	12.000	0.000	-0.019
6340.000	12.000	0.000	-0.019
6350.000	12.000	0.000	-0.019
6360.000	12.000	11.719	-0.015
6370.000	12.000	11.719	-0.015
6380.000	12.000	11.719	-0.015
6390.000	12.000	0.000	-0.008
6400.000	12.000	0.000	-0.008
6410.000	12.000	0.000	-0.008
6420.000	12.000	21.484	0.009
6430.000	12.000	21.484	0.009
6440.000	12.000	21.484	0.009
6450.000	12.000	-25.391	0.001
6460.000	12.000	-25.391	0.001
6470.000	12.000	-25.391	0.001
6480.000	12.000	-33.203	0.003
6490.000	12.000	-33.203	0.003
6500.000	12.000	-33.203	0.003
6510.000	12.000	-37.109	0.013
6520.000	12.000	-37.109	0.013
6530.000	12.000	-37.109	0.013
6540.000	12.000	0.000	0.006
6550.000	12.000	0.000	0.006
6560.000	12.000	0.000	0.006
6570.000	12.000	-21.484	0.005
6580.000	12.000	-21.484	0.005
6590.000	12.000	-21.484	0.005
6600.000	12.000	1.953	-0.018
6610.000	12.000	1.953	-0.018
6620.000	12.000	1.953	-0.018
6630.000	12.000	-25.391	-0.001
6640.000	12.000	-25.391	-0.001
6650.000	12.000	-25.391	-0.001
6660.000	12.000	-11.719	-0.015
6670.000	12.000	-11.719	-0.015
6680.000	12.000	-11.719	-0.015
6690.000	12.000	3.906	0.009
6700.000	12.000	3.906	0.009
6710.000	12.000	3.906	0.009
6720.000	12.000	7.812	-0.007
6730.000	12.000	7.812	-0.007
6740.000	12.000	7.812	-0.007
6750.000	12.000	13.672	-0.014
6760.000	12.000	13.672	-0.014
6770.000	12.000	13.672	-0.014
6780.000	12.000	-21.484	-0.002
6790.000	12.000	-21.484	-0.002
6800.000	12.000	-21.484	-0.002
6810.000	12.000	3.906	0.008
6820.000	12.000	3.906	0.008
6830.000	12.000	3.906	0.008
6840.000	12.000	-21.484	-0.012
6850.000	12.000	-21.484	-0.012
6860.000	12.000	-21.484	-0.012
6870.000	12.000	9.766	-0.015
6880.000	12.000	9.766	-0.015
6890.000	12.000	9.766	-0.015
6900.000	12.000	1.953	0.000
6910.000	12.000	1.953	0.000
6920.000	12.000	1.953	0.000
6930.000	12.000	-19.531	0.002
6940.000	12.000	-19.531	0.002
6950.000	12.000	-19.531	0.002
6960.000	12.000	-17.578	0.012
6970.000	12.000	-17.578	0.012
6980.000	12.000	-17.578	0.012
6990.000	12.000	-23.437	0.001
7000.000	12.000	-23.437	0.001
7010.000	12.000	-23.437	0.001
7020.000	12.000	13.672	0.004
