%Time [ms]	Commanded Torque [mNm]	Angular Velocity [RPM]	Actual Current [Amp]	%3/17/202011:33 AM
0.000	0.000	0.000	0.000
20.000	7.000	-17.578	-0.012
30.000	7.000	-17.578	-0.012
40.000	7.000	-29.297	-0.019
50.000	7.000	-29.297	-0.019
60.000	7.000	-29.297	-0.019
70.000	7.000	11.719	-0.005
80.000	7.000	11.719	-0.005
90.000	7.000	11.719	-0.005
100.000	7.000	21.484	-0.009
110.000	7.000	21.484	-0.009
120.000	7.000	21.484	-0.009
130.000	7.000	-1.953	0.018
140.000	7.000	-1.953	0.018
150.000	7.000	-1.953	0.018
160.000	7.000	3.906	0.001
170.000	7.000	3.906	0.001
180.000	7.000	3.906	0.001
190.000	7.000	13.672	-0.034
200.000	7.000	13.672	-0.034
210.000	7.000	13.672	-0.034
220.000	7.000	-17.578	-0.034
230.000	7.000	-17.578	-0.034
240.000	7.000	-17.578	-0.034
250.000	7.000	7.812	-0.007
260.000	7.000	7.812	-0.007
270.000	7.000	7.812	-0.007
280.000	7.000	15.625	-0.010
290.000	7.000	15.625	-0.010
300.000	7.000	15.625	-0.010
310.000	7.000	19.531	-0.006
320.000	7.000	19.531	-0.006
330.000	7.000	19.531	-0.006
340.000	7.000	15.625	-0.012
350.000	7.000	15.625	-0.012
360.000	7.000	15.625	-0.012
370.000	7.000	27.344	-0.003
380.000	7.000	27.344	-0.003
390.000	7.000	27.344	-0.003
400.000	7.000	17.578	0.002
410.000	7.000	17.578	0.002
420.000	7.000	17.578	0.002
430.000	7.000	7.812	-0.014
440.000	7.000	7.812	-0.014
450.000	7.000	7.812	-0.014
460.000	7.000	5.859	-0.030
470.000	7.000	5.859	-0.030
480.000	7.000	5.859	-0.030
490.000	7.000	-41.016	-0.011
500.000	7.000	-41.016	-0.011
510.000	7.000	-41.016	-0.011
520.000	7.000	-35.156	-0.038
530.000	7.000	-35.156	-0.038
540.000	7.000	-35.156	-0.038
550.000	7.000	31.250	-0.026
560.000	7.000	31.250	-0.026
570.000	7.000	31.250	-0.026
580.000	7.000	9.766	0.003
590.000	7.000	9.766	0.003
600.000	7.000	9.766	0.003
610.000	7.000	1.953	-0.004
620.000	7.000	1.953	-0.004
630.000	7.000	1.953	-0.004
640.000	7.000	37.109	-0.007
650.000	7.000	37.109	-0.007
660.000	7.000	37.109	-0.007
670.000	7.000	9.766	-0.004
680.000	7.000	9.766	-0.004
690.000	7.000	9.766	-0.004
700.000	7.000	7.812	-0.006
710.000	7.000	7.812	-0.006
720.000	7.000	7.812	-0.006
730.000	7.000	3.906	-0.010
740.000	7.000	3.906	-0.010
750.000	7.000	3.906	-0.010
760.000	7.000	11.719	-0.001
770.000	7.000	11.719	-0.001
780.000	7.000	11.719	-0.001
790.000	7.000	9.766	-0.004
800.000	7.000	9.766	-0.004
810.000	7.000	9.766	-0.004
820.000	7.000	-29.297	0.003
830.000	7.000	-29.297	0.003
840.000	7.000	-29.297	0.003
850.000	7.000	31.250	0.011
860.000	7.000	31.250	0.011
870.000	7.000	31.250	0.011
880.000	7.000	15.625	-0.022
890.000	7.000	15.625	-0.022
900.000	7.000	15.625	-0.022
910.000	7.000	33.203	-0.008
920.000	7.000	33.203	-0.008
930.000	7.000	33.203	-0.008
940.000	7.000	-33.203	-0.004
950.000	7.000	-33.203	-0.004
960.000	7.000	-33.203	-0.004
970.000	7.000	0.000	0.003
980.000	7.000	0.000	0.003
990.000	7.000	0.000	0.003
1000.000	7.000	-25.391	-0.016
1010.000	7.000	-25.391	-0.016
1020.000	7.000	-25.391	-0.016
1030.000	7.000	5.859	-0.019
1040.000	7.000	5.859	-0.019
1050.000	7.000	5.859	-0.019
1060.000	7.000	-3.906	-0.012
1070.000	7.000	-3.906	-0.012
1080.000	7.000	-3.906	-0.012
1090.000	7.000	7.812	0.204
1100.000	7.000	7.812	0.204
1110.000	7.000	7.812	0.204
1120.000	7.000	-5.859	0.211
1130.000	7.000	-5.859	0.211
1140.000	7.000	-5.859	0.211
1150.000	7.000	11.719	0.206
1160.000	7.000	11.719	0.206
1170.000	7.000	11.719	0.206
1180.000	7.000	27.344	0.209
1190.000	7.000	27.344	0.209
1200.000	7.000	27.344	0.209
1210.000	7.000	33.203	0.212
1220.000	7.000	33.203	0.212
1230.000	7.000	33.203	0.212
1240.000	7.000	70.312	0.215
1250.000	7.000	70.312	0.215
1260.000	7.000	70.312	0.215
1270.000	7.000	85.937	0.225
1280.000	7.000	85.937	0.225
1290.000	7.000	85.937	0.225
1300.000	7.000	83.984	0.229
1310.000	7.000	83.984	0.229
1320.000	7.000	83.984	0.229
1330.000	7.000	101.562	0.218
1340.000	7.000	101.562	0.218
1350.000	7.000	101.562	0.218
1360.000	7.000	117.187	0.187
1370.000	7.000	117.187	0.187
1380.000	7.000	117.187	0.187
1390.000	7.000	140.625	0.212
1400.000	7.000	140.625	0.212
1410.000	7.000	140.625	0.212
1420.000	7.000	140.625	0.205
1430.000	7.000	140.625	0.205
1440.000	7.000	140.625	0.205
1450.000	7.000	150.391	0.213
1460.000	7.000	150.391	0.213
1470.000	7.000	150.391	0.213
1480.000	7.000	130.859	0.239
1490.000	7.000	130.859	0.239
1500.000	7.000	130.859	0.239
1510.000	7.000	177.734	0.215
1520.000	7.000	177.734	0.215
1530.000	7.000	177.734	0.215
1540.000	7.000	181.641	0.217
1550.000	7.000	181.641	0.217
1560.000	7.000	181.641	0.217
1570.000	7.000	183.594	0.222
1580.000	7.000	183.594	0.222
1590.000	7.000	183.594	0.222
1600.000	7.000	205.078	0.207
1610.000	7.000	205.078	0.207
1620.000	7.000	205.078	0.207
1630.000	7.000	240.234	0.226
1640.000	7.000	240.234	0.226
1650.000	7.000	240.234	0.226
1660.000	7.000	263.672	0.228
1670.000	7.000	263.672	0.228
1680.000	7.000	263.672	0.228
1690.000	7.000	263.672	0.204
1700.000	7.000	263.672	0.204
1710.000	7.000	263.672	0.204
1720.000	7.000	210.937	0.141
1730.000	7.000	210.937	0.141
1740.000	7.000	210.937	0.141
1750.000	7.000	273.437	0.121
1760.000	7.000	273.437	0.121
1770.000	7.000	273.437	0.121
1780.000	7.000	294.922	0.178
1790.000	7.000	294.922	0.178
1800.000	7.000	294.922	0.178
1810.000	7.000	279.297	0.200
1820.000	7.000	279.297	0.200
1830.000	7.000	279.297	0.200
1840.000	7.000	304.687	0.195
1850.000	7.000	304.687	0.195
1860.000	7.000	304.687	0.195
1870.000	7.000	316.406	0.233
1880.000	7.000	316.406	0.233
1890.000	7.000	316.406	0.233
1900.000	7.000	318.359	0.180
1910.000	7.000	318.359	0.180
1920.000	7.000	318.359	0.180
1930.000	7.000	333.984	0.204
1940.000	7.000	333.984	0.204
1950.000	7.000	333.984	0.204
1960.000	7.000	347.656	0.189
1970.000	7.000	347.656	0.189
1980.000	7.000	347.656	0.189
1990.000	7.000	339.844	0.258
2000.000	7.000	339.844	0.258
2010.000	7.000	339.844	0.258
2020.000	7.000	373.047	0.267
2030.000	7.000	373.047	0.267
2040.000	7.000	373.047	0.267
2050.000	7.000	386.719	0.187
2060.000	7.000	386.719	0.187
2070.000	7.000	386.719	0.187
2080.000	7.000	386.719	0.195
2090.000	7.000	386.719	0.195
2100.000	7.000	386.719	0.195
2110.000	7.000	390.625	0.205
2120.000	7.000	390.625	0.205
2130.000	7.000	390.625	0.205
2140.000	7.000	375.000	0.215
2150.000	7.000	375.000	0.215
2160.000	7.000	375.000	0.215
2170.000	7.000	435.547	0.182
2180.000	7.000	435.547	0.182
2190.000	7.000	435.547	0.182
2200.000	7.000	439.453	0.168
2210.000	7.000	439.453	0.168
2220.000	7.000	439.453	0.168
2230.000	7.000	457.031	0.235
2240.000	7.000	457.031	0.235
2250.000	7.000	457.031	0.235
2260.000	7.000	453.125	0.194
2270.000	7.000	453.125	0.194
2280.000	7.000	453.125	0.194
2290.000	7.000	455.078	0.197
2300.000	7.000	455.078	0.197
2310.000	7.000	455.078	0.197
2320.000	7.000	503.906	0.265
2330.000	7.000	503.906	0.265
2340.000	7.000	503.906	0.265
2350.000	7.000	482.422	0.192
2360.000	7.000	482.422	0.192
2370.000	7.000	482.422	0.192
2380.000	7.000	505.859	0.199
2390.000	7.000	505.859	0.199
2400.000	7.000	505.859	0.199
2410.000	7.000	521.484	0.257
2420.000	7.000	521.484	0.257
2430.000	7.000	521.484	0.257
2440.000	7.000	511.719	0.170
2450.000	7.000	511.719	0.170
2460.000	7.000	511.719	0.170
2470.000	7.000	521.484	0.196
2480.000	7.000	521.484	0.196
2490.000	7.000	521.484	0.196
2500.000	7.000	505.859	0.211
2510.000	7.000	505.859	0.211
2520.000	7.000	505.859	0.211
2530.000	7.000	548.828	0.196
2540.000	7.000	548.828	0.196
2550.000	7.000	548.828	0.196
2560.000	7.000	525.391	0.175
2570.000	7.000	525.391	0.175
2580.000	7.000	525.391	0.175
2590.000	7.000	533.203	0.197
2600.000	7.000	533.203	0.197
2610.000	7.000	533.203	0.197
2620.000	7.000	580.078	0.280
2630.000	7.000	580.078	0.280
2640.000	7.000	580.078	0.280
2650.000	7.000	554.687	0.226
2660.000	7.000	554.687	0.226
2670.000	7.000	554.687	0.226
2680.000	7.000	599.609	0.253
2690.000	7.000	599.609	0.253
2700.000	7.000	599.609	0.253
2710.000	7.000	619.141	0.184
2720.000	7.000	619.141	0.184
2730.000	7.000	619.141	0.184
2740.000	7.000	628.906	0.176
2750.000	7.000	628.906	0.176
2760.000	7.000	628.906	0.176
2770.000	7.000	628.906	0.193
2780.000	7.000	628.906	0.193
2790.000	7.000	628.906	0.193
2800.000	7.000	611.328	0.180
2810.000	7.000	611.328	0.180
2820.000	7.000	611.328	0.180
2830.000	7.000	638.672	0.192
2840.000	7.000	638.672	0.192
2850.000	7.000	638.672	0.192
2860.000	7.000	691.406	0.166
2870.000	7.000	691.406	0.166
2880.000	7.000	691.406	0.166
2890.000	7.000	687.500	0.181
2900.000	7.000	687.500	0.181
2910.000	7.000	687.500	0.181
2920.000	7.000	667.969	0.295
2930.000	7.000	667.969	0.295
2940.000	7.000	667.969	0.295
2950.000	7.000	695.312	0.247
2960.000	7.000	695.312	0.247
2970.000	7.000	695.312	0.247
2980.000	7.000	689.453	0.184
2990.000	7.000	689.453	0.184
3000.000	7.000	689.453	0.184
3010.000	7.000	718.750	0.200
3020.000	7.000	718.750	0.200
3030.000	7.000	718.750	0.200
3040.000	7.000	722.656	0.190
3050.000	7.000	722.656	0.190
3060.000	7.000	722.656	0.190
3070.000	7.000	753.906	0.186
3080.000	7.000	753.906	0.186
3090.000	7.000	753.906	0.186
3100.000	7.000	744.141	0.278
3110.000	7.000	744.141	0.278
3120.000	7.000	744.141	0.278
3130.000	7.000	781.250	0.189
3140.000	7.000	781.250	0.189
3150.000	7.000	781.250	0.189
3160.000	7.000	796.875	0.189
3170.000	7.000	796.875	0.189
3180.000	7.000	796.875	0.189
3190.000	7.000	796.875	0.260
3200.000	7.000	796.875	0.260
3210.000	7.000	796.875	0.260
3220.000	7.000	779.297	0.176
3230.000	7.000	779.297	0.176
3240.000	7.000	779.297	0.176
3250.000	7.000	792.969	0.171
3260.000	7.000	792.969	0.171
3270.000	7.000	792.969	0.171
3280.000	7.000	812.500	0.191
3290.000	7.000	812.500	0.191
3300.000	7.000	812.500	0.191
3310.000	7.000	818.359	0.288
3320.000	7.000	818.359	0.288
3330.000	7.000	818.359	0.288
3340.000	7.000	822.266	0.216
3350.000	7.000	822.266	0.216
3360.000	7.000	822.266	0.216
3370.000	7.000	857.422	0.231
3380.000	7.000	857.422	0.231
3390.000	7.000	857.422	0.231
3400.000	7.000	837.891	0.169
3410.000	7.000	837.891	0.169
3420.000	7.000	837.891	0.169
3430.000	7.000	849.609	0.199
3440.000	7.000	849.609	0.199
3450.000	7.000	849.609	0.199
3460.000	7.000	841.797	0.174
3470.000	7.000	841.797	0.174
3480.000	7.000	841.797	0.174
3490.000	7.000	853.516	0.237
3500.000	7.000	853.516	0.237
3510.000	7.000	853.516	0.237
3520.000	7.000	888.672	0.193
3530.000	7.000	888.672	0.193
3540.000	7.000	888.672	0.193
3550.000	7.000	884.766	0.183
3560.000	7.000	884.766	0.183
3570.000	7.000	884.766	0.183
3580.000	7.000	902.344	0.352
3590.000	7.000	902.344	0.352
3600.000	7.000	902.344	0.352
3610.000	7.000	917.969	0.183
3620.000	7.000	917.969	0.183
3630.000	7.000	917.969	0.183
3640.000	7.000	919.922	0.327
3650.000	7.000	919.922	0.327
3660.000	7.000	919.922	0.327
3670.000	7.000	933.594	0.260
3680.000	7.000	933.594	0.260
3690.000	7.000	933.594	0.260
3700.000	7.000	921.875	0.325
3710.000	7.000	921.875	0.325
3720.000	7.000	921.875	0.325
3730.000	7.000	947.266	0.184
3740.000	7.000	947.266	0.184
3750.000	7.000	947.266	0.184
3760.000	7.000	966.797	0.171
3770.000	7.000	966.797	0.171
3780.000	7.000	966.797	0.171
3790.000	7.000	986.328	0.186
3800.000	7.000	986.328	0.186
3810.000	7.000	986.328	0.186
3820.000	7.000	947.266	0.187
3830.000	7.000	947.266	0.187
3840.000	7.000	947.266	0.187
3850.000	7.000	988.281	0.295
3860.000	7.000	988.281	0.295
3870.000	7.000	988.281	0.295
3880.000	7.000	992.187	0.194
3890.000	7.000	992.187	0.194
3900.000	7.000	992.187	0.194
3910.000	7.000	1005.859	0.249
3920.000	7.000	1005.859	0.249
3930.000	7.000	1005.859	0.249
3940.000	7.000	1015.625	0.178
3950.000	7.000	1015.625	0.178
3960.000	7.000	1015.625	0.178
3970.000	7.000	1033.203	0.237
3980.000	7.000	1033.203	0.237
3990.000	7.000	1033.203	0.237
4000.000	7.000	1025.391	0.194
4010.000	7.000	1025.391	0.194
4020.000	7.000	1025.391	0.194
4030.000	7.000	1048.828	0.215
4040.000	7.000	1048.828	0.215
4050.000	7.000	1048.828	0.215
4060.000	7.000	1052.734	0.212
4070.000	7.000	1052.734	0.212
4080.000	7.000	1052.734	0.212
4090.000	7.000	1070.312	0.267
4100.000	7.000	1070.312	0.267
4110.000	7.000	1070.312	0.267
4120.000	7.000	1097.656	0.235
4130.000	7.000	1097.656	0.235
4140.000	7.000	1097.656	0.235
4150.000	7.000	1074.219	0.259
4160.000	7.000	1074.219	0.259
4170.000	7.000	1074.219	0.259
4180.000	7.000	1105.469	0.161
4190.000	7.000	1105.469	0.161
4200.000	7.000	1105.469	0.161
4210.000	7.000	1085.937	0.159
4220.000	7.000	1085.937	0.159
4230.000	7.000	1085.937	0.159
4240.000	7.000	1105.469	0.188
4250.000	7.000	1105.469	0.188
4260.000	7.000	1105.469	0.188
4270.000	7.000	1101.562	0.168
4280.000	7.000	1101.562	0.168
4290.000	7.000	1101.562	0.168
4300.000	7.000	1121.094	0.275
4310.000	7.000	1121.094	0.275
4320.000	7.000	1121.094	0.275
4330.000	7.000	1126.953	0.197
4340.000	7.000	1126.953	0.197
4350.000	7.000	1126.953	0.197
4360.000	7.000	1134.766	0.202
4370.000	7.000	1134.766	0.202
4380.000	7.000	1134.766	0.202
4390.000	7.000	1140.625	0.330
4400.000	7.000	1140.625	0.330
4410.000	7.000	1140.625	0.330
4420.000	7.000	1154.297	0.165
4430.000	7.000	1154.297	0.165
4440.000	7.000	1154.297	0.165
4450.000	7.000	1126.953	0.184
4460.000	7.000	1126.953	0.184
4470.000	7.000	1126.953	0.184
4480.000	7.000	1148.437	0.153
4490.000	7.000	1148.437	0.153
4500.000	7.000	1148.437	0.153
4510.000	7.000	1179.687	0.168
4520.000	7.000	1179.687	0.168
4530.000	7.000	1179.687	0.168
4540.000	7.000	1191.406	0.168
4550.000	7.000	1191.406	0.168
4560.000	7.000	1191.406	0.168
4570.000	7.000	1193.359	0.352
4580.000	7.000	1193.359	0.352
4590.000	7.000	1193.359	0.352
4600.000	7.000	1230.469	0.146
4610.000	7.000	1230.469	0.146
4620.000	7.000	1230.469	0.146
4630.000	7.000	1214.844	0.158
4640.000	7.000	1214.844	0.158
4650.000	7.000	1214.844	0.158
4660.000	7.000	1253.906	0.324
4670.000	7.000	1253.906	0.324
4680.000	7.000	1253.906	0.324
4690.000	7.000	1224.609	0.234
4700.000	7.000	1224.609	0.234
4710.000	7.000	1224.609	0.234
4720.000	7.000	1238.281	0.248
4730.000	7.000	1238.281	0.248
4740.000	7.000	1238.281	0.248
4750.000	7.000	1242.187	0.165
4760.000	7.000	1242.187	0.165
4770.000	7.000	1242.187	0.165
4780.000	7.000	1248.047	0.216
4790.000	7.000	1248.047	0.216
4800.000	7.000	1248.047	0.216
4810.000	7.000	1261.719	0.202
4820.000	7.000	1261.719	0.202
4830.000	7.000	1261.719	0.202
4840.000	7.000	1292.969	0.206
4850.000	7.000	1292.969	0.206
4860.000	7.000	1292.969	0.206
4870.000	7.000	1236.328	0.298
4880.000	7.000	1236.328	0.298
4890.000	7.000	1236.328	0.298
4900.000	7.000	1306.641	0.154
4910.000	7.000	1306.641	0.154
4920.000	7.000	1306.641	0.154
4930.000	7.000	1283.203	0.199
4940.000	7.000	1283.203	0.199
4950.000	7.000	1283.203	0.199
4960.000	7.000	1308.594	0.202
4970.000	7.000	1308.594	0.202
4980.000	7.000	1308.594	0.202
4990.000	7.000	1328.125	0.195
5000.000	7.000	1328.125	0.195
5010.000	7.000	1328.125	0.195
5020.000	7.000	1355.469	0.217
5030.000	7.000	1355.469	0.217
5040.000	7.000	1355.469	0.217
5050.000	7.000	1335.937	0.308
5060.000	7.000	1335.937	0.308
5070.000	7.000	1335.937	0.308
5080.000	7.000	1333.984	0.341
5090.000	7.000	1333.984	0.341
5100.000	7.000	1333.984	0.341
5110.000	7.000	1349.609	0.189
5120.000	7.000	1349.609	0.189
5130.000	7.000	1349.609	0.189
5140.000	7.000	1337.891	0.209
5150.000	7.000	1337.891	0.209
5160.000	7.000	1337.891	0.209
5170.000	7.000	1365.234	0.155
5180.000	7.000	1365.234	0.155
5190.000	7.000	1365.234	0.155
5200.000	7.000	1380.859	0.189
5210.000	7.000	1380.859	0.189
5220.000	7.000	1380.859	0.189
5230.000	7.000	1367.187	0.186
5240.000	7.000	1367.187	0.186
5250.000	7.000	1367.187	0.186
5260.000	7.000	1384.766	0.172
5270.000	7.000	1384.766	0.172
5280.000	7.000	1384.766	0.172
5290.000	7.000	1404.297	0.253
5300.000	7.000	1404.297	0.253
5310.000	7.000	1404.297	0.253
5320.000	7.000	1371.094	0.247
5330.000	7.000	1371.094	0.247
5340.000	7.000	1371.094	0.247
5350.000	7.000	1404.297	0.314
5360.000	7.000	1404.297	0.314
5370.000	7.000	1404.297	0.314
5380.000	7.000	1386.719	0.154
5390.000	7.000	1386.719	0.154
5400.000	7.000	1386.719	0.154
5410.000	7.000	1439.453	0.320
5420.000	7.000	1439.453	0.320
5430.000	7.000	1439.453	0.320
5440.000	7.000	1451.172	0.286
5450.000	7.000	1451.172	0.286
5460.000	7.000	1451.172	0.286
5470.000	7.000	1437.500	0.317
5480.000	7.000	1437.500	0.317
5490.000	7.000	1437.500	0.317
5500.000	7.000	1419.922	0.177
5510.000	7.000	1419.922	0.177
5520.000	7.000	1419.922	0.177
5530.000	7.000	1451.172	0.298
5540.000	7.000	1451.172	0.298
5550.000	7.000	1451.172	0.298
5560.000	7.000	1439.453	0.201
5570.000	7.000	1439.453	0.201
5580.000	7.000	1439.453	0.201
5590.000	7.000	1476.562	0.236
5600.000	7.000	1476.562	0.236
5610.000	7.000	1476.562	0.236
5620.000	7.000	1478.516	0.400
5630.000	7.000	1478.516	0.400
5640.000	7.000	1478.516	0.400
5650.000	7.000	1490.234	0.158
5660.000	7.000	1490.234	0.158
5670.000	7.000	1490.234	0.158
5680.000	7.000	1470.703	0.153
5690.000	7.000	1470.703	0.153
5700.000	7.000	1470.703	0.153
5710.000	7.000	1537.109	0.181
5720.000	7.000	1537.109	0.181
5730.000	7.000	1537.109	0.181
5740.000	7.000	1517.578	0.172
5750.000	7.000	1517.578	0.172
5760.000	7.000	1517.578	0.172
5770.000	7.000	1529.297	0.255
5780.000	7.000	1529.297	0.255
5790.000	7.000	1529.297	0.255
5800.000	7.000	1535.156	0.163
5810.000	7.000	1535.156	0.163
5820.000	7.000	1535.156	0.163
5830.000	7.000	1519.531	0.190
5840.000	7.000	1519.531	0.190
5850.000	7.000	1519.531	0.190
5860.000	7.000	1529.297	0.169
5870.000	7.000	1529.297	0.169
5880.000	7.000	1529.297	0.169
5890.000	7.000	1554.687	0.238
5900.000	7.000	1554.687	0.238
5910.000	7.000	1554.687	0.238
5920.000	7.000	1554.687	0.161
5930.000	7.000	1554.687	0.161
5940.000	7.000	1554.687	0.161
5950.000	7.000	1554.687	0.357
5960.000	7.000	1554.687	0.357
5970.000	7.000	1554.687	0.357
5980.000	7.000	1574.219	0.304
5990.000	7.000	1574.219	0.304
6000.000	7.000	1574.219	0.304
6010.000	7.000	1591.797	0.172
6020.000	7.000	1591.797	0.172
6030.000	7.000	1591.797	0.172
6040.000	7.000	1574.219	0.201
6050.000	7.000	1574.219	0.201
6060.000	7.000	1574.219	0.201
6070.000	7.000	1599.609	0.191
6080.000	7.000	1599.609	0.191
6090.000	7.000	1599.609	0.191
6100.000	7.000	1613.281	0.181
6110.000	7.000	1613.281	0.181
6120.000	7.000	1613.281	0.181
6130.000	7.000	1603.516	0.048
6140.000	7.000	1603.516	0.048
6150.000	7.000	1603.516	0.048
6160.000	7.000	1601.562	-0.048
6170.000	7.000	1601.562	-0.048
6180.000	7.000	1601.562	-0.048
6190.000	7.000	1601.562	-0.006
6200.000	7.000	1601.562	-0.006
6210.000	7.000	1601.562	-0.006
6220.000	7.000	1587.891	-0.035
6230.000	7.000	1587.891	-0.035
6240.000	7.000	1587.891	-0.035
6250.000	7.000	1574.219	-0.036
6260.000	7.000	1574.219	-0.036
6270.000	7.000	1574.219	-0.036
6280.000	7.000	1552.734	-0.051
6290.000	7.000	1552.734	-0.051
6300.000	7.000	1552.734	-0.051
6310.000	7.000	1558.594	0.062
6320.000	7.000	1558.594	0.062
6330.000	7.000	1558.594	0.062
6340.000	7.000	1521.484	-0.043
6350.000	7.000	1521.484	-0.043
6360.000	7.000	1521.484	-0.043
6370.000	7.000	1505.859	-0.059
6380.000	7.000	1505.859	-0.059
6390.000	7.000	1505.859	-0.059
6400.000	7.000	1505.859	-0.048
6410.000	7.000	1505.859	-0.048
6420.000	7.000	1505.859	-0.048
6430.000	7.000	1486.328	0.020
6440.000	7.000	1486.328	0.020
6450.000	7.000	1486.328	0.020
6460.000	7.000	1490.234	0.045
6470.000	7.000	1490.234	0.045
6480.000	7.000	1490.234	0.045
6490.000	7.000	1470.703	-0.014
6500.000	7.000	1470.703	-0.014
6510.000	7.000	1470.703	-0.014
6520.000	7.000	1457.031	-0.011
6530.000	7.000	1457.031	-0.011
6540.000	7.000	1457.031	-0.011
6550.000	7.000	1453.125	-0.029
6560.000	7.000	1453.125	-0.029
6570.000	7.000	1453.125	-0.029
6580.000	7.000	1419.922	0.013
6590.000	7.000	1419.922	0.013
6600.000	7.000	1419.922	0.013
6610.000	7.000	1431.641	-0.030
6620.000	7.000	1431.641	-0.030
6630.000	7.000	1431.641	-0.030
6640.000	7.000	1421.875	-0.029
6650.000	7.000	1421.875	-0.029
6660.000	7.000	1421.875	-0.029
6670.000	7.000	1404.297	-0.038
6680.000	7.000	1404.297	-0.038
6690.000	7.000	1404.297	-0.038
6700.000	7.000	1402.344	0.063
6710.000	7.000	1402.344	0.063
6720.000	7.000	1402.344	0.063
6730.000	7.000	1396.484	-0.051
6740.000	7.000	1396.484	-0.051
6750.000	7.000	1396.484	-0.051
6760.000	7.000	1376.953	0.033
6770.000	7.000	1376.953	0.033
6780.000	7.000	1376.953	0.033
6790.000	7.000	1361.328	-0.019
6800.000	7.000	1361.328	-0.019
6810.000	7.000	1361.328	-0.019
6820.000	7.000	1343.750	-0.042
6830.000	7.000	1343.750	-0.042
6840.000	7.000	1343.750	-0.042
6850.000	7.000	1335.937	-0.040
6860.000	7.000	1335.937	-0.040
6870.000	7.000	1335.937	-0.040
6880.000	7.000	1341.797	-0.006
6890.000	7.000	1341.797	-0.006
6900.000	7.000	1341.797	-0.006
6910.000	7.000	1322.266	0.066
6920.000	7.000	1322.266	0.066
6930.000	7.000	1322.266	0.066
6940.000	7.000	1330.078	0.032
6950.000	7.000	1330.078	0.032
6960.000	7.000	1330.078	0.032
6970.000	7.000	1306.641	-0.043
6980.000	7.000	1306.641	-0.043
6990.000	7.000	1306.641	-0.043
7000.000	7.000	1289.062	-0.032
7010.000	7.000	1289.062	-0.032
7020.000	7.000	1289.062	-0.032
