%Time [ms]	Commanded Torque [mNm]	Angular Velocity [RPM]	Actual Current [Amp]	%3/17/202011:33 AM
0.000	0.000	0.000	0.000
20.000	15.000	41.016	-0.010
30.000	15.000	41.016	-0.010
40.000	15.000	41.016	-0.010
50.000	15.000	19.531	-0.009
60.000	15.000	19.531	-0.009
70.000	15.000	19.531	-0.009
80.000	15.000	0.000	-0.009
90.000	15.000	0.000	-0.009
100.000	15.000	0.000	-0.009
110.000	15.000	15.625	-0.024
120.000	15.000	15.625	-0.024
130.000	15.000	15.625	-0.024
140.000	15.000	11.719	0.012
150.000	15.000	11.719	0.012
160.000	15.000	11.719	0.012
170.000	15.000	11.719	-0.006
180.000	15.000	11.719	-0.006
190.000	15.000	11.719	-0.006
200.000	15.000	-25.391	-0.002
210.000	15.000	-25.391	-0.002
220.000	15.000	-25.391	-0.002
230.000	15.000	17.578	-0.019
240.000	15.000	17.578	-0.019
250.000	15.000	17.578	-0.019
260.000	15.000	19.531	-0.012
270.000	15.000	19.531	-0.012
280.000	15.000	19.531	-0.012
290.000	15.000	-31.250	-0.016
300.000	15.000	-31.250	-0.016
310.000	15.000	-31.250	-0.016
320.000	15.000	15.625	-0.008
330.000	15.000	15.625	-0.008
340.000	15.000	15.625	-0.008
350.000	15.000	7.812	-0.010
360.000	15.000	7.812	-0.010
370.000	15.000	7.812	-0.010
380.000	15.000	9.766	-0.006
390.000	15.000	9.766	-0.006
400.000	15.000	9.766	-0.006
410.000	15.000	17.578	-0.007
420.000	15.000	17.578	-0.007
430.000	15.000	17.578	-0.007
440.000	15.000	0.000	0.013
450.000	15.000	0.000	0.013
460.000	15.000	0.000	0.013
470.000	15.000	-1.953	0.000
480.000	15.000	-1.953	0.000
490.000	15.000	-1.953	0.000
500.000	15.000	15.625	0.003
510.000	15.000	15.625	0.003
520.000	15.000	15.625	0.003
530.000	15.000	29.297	0.014
540.000	15.000	29.297	0.014
550.000	15.000	29.297	0.014
560.000	15.000	9.766	-0.002
570.000	15.000	9.766	-0.002
580.000	15.000	9.766	-0.002
590.000	15.000	7.812	-0.004
600.000	15.000	7.812	-0.004
610.000	15.000	7.812	-0.004
620.000	15.000	9.766	-0.008
630.000	15.000	9.766	-0.008
640.000	15.000	9.766	-0.008
650.000	15.000	23.437	-0.009
660.000	15.000	23.437	-0.009
670.000	15.000	23.437	-0.009
680.000	15.000	-11.719	0.015
690.000	15.000	-11.719	0.015
700.000	15.000	-11.719	0.015
710.000	15.000	5.859	-0.003
720.000	15.000	5.859	-0.003
730.000	15.000	5.859	-0.003
740.000	15.000	-1.953	-0.001
750.000	15.000	-1.953	-0.001
760.000	15.000	-1.953	-0.001
770.000	15.000	9.766	-0.005
780.000	15.000	9.766	-0.005
790.000	15.000	9.766	-0.005
800.000	15.000	21.484	-0.007
810.000	15.000	21.484	-0.007
820.000	15.000	21.484	-0.007
830.000	15.000	-31.250	0.001
840.000	15.000	-31.250	0.001
850.000	15.000	-31.250	0.001
860.000	15.000	5.859	-0.013
870.000	15.000	5.859	-0.013
880.000	15.000	5.859	-0.013
890.000	15.000	7.812	-0.002
900.000	15.000	7.812	-0.002
910.000	15.000	7.812	-0.002
920.000	15.000	19.531	-0.025
930.000	15.000	19.531	-0.025
940.000	15.000	19.531	-0.025
950.000	15.000	1.953	-0.015
960.000	15.000	1.953	-0.015
970.000	15.000	1.953	-0.015
980.000	15.000	-7.812	-0.010
990.000	15.000	-7.812	-0.010
1000.000	15.000	-7.812	-0.010
1010.000	15.000	21.484	-0.005
1020.000	15.000	21.484	-0.005
1030.000	15.000	21.484	-0.005
1040.000	15.000	3.906	-0.014
1050.000	15.000	3.906	-0.014
1060.000	15.000	3.906	-0.014
1070.000	15.000	3.906	0.016
1080.000	15.000	3.906	0.016
1090.000	15.000	3.906	0.016
1100.000	15.000	15.625	0.438
1110.000	15.000	15.625	0.438
1120.000	15.000	15.625	0.438
1130.000	15.000	-33.203	0.451
1140.000	15.000	-33.203	0.451
1150.000	15.000	-33.203	0.451
1160.000	15.000	46.875	0.438
1170.000	15.000	46.875	0.438
1180.000	15.000	46.875	0.438
1190.000	15.000	85.937	0.447
1200.000	15.000	85.937	0.447
1210.000	15.000	85.937	0.447
1220.000	15.000	142.578	0.402
1230.000	15.000	142.578	0.402
1240.000	15.000	142.578	0.402
1250.000	15.000	183.594	0.409
1260.000	15.000	183.594	0.409
1270.000	15.000	183.594	0.409
1280.000	15.000	187.500	0.466
1290.000	15.000	187.500	0.466
1300.000	15.000	187.500	0.466
1310.000	15.000	228.516	0.462
1320.000	15.000	228.516	0.462
1330.000	15.000	228.516	0.462
1340.000	15.000	259.766	0.449
1350.000	15.000	259.766	0.449
1360.000	15.000	259.766	0.449
1370.000	15.000	269.531	0.350
1380.000	15.000	269.531	0.350
1390.000	15.000	269.531	0.350
1400.000	15.000	337.891	0.443
1410.000	15.000	337.891	0.443
1420.000	15.000	337.891	0.443
1430.000	15.000	357.422	0.467
1440.000	15.000	357.422	0.467
1450.000	15.000	357.422	0.467
1460.000	15.000	373.047	0.503
1470.000	15.000	373.047	0.503
1480.000	15.000	373.047	0.503
1490.000	15.000	416.016	0.418
1500.000	15.000	416.016	0.418
1510.000	15.000	416.016	0.418
1520.000	15.000	458.984	0.461
1530.000	15.000	458.984	0.461
1540.000	15.000	458.984	0.461
1550.000	15.000	482.422	0.451
1560.000	15.000	482.422	0.451
1570.000	15.000	482.422	0.451
1580.000	15.000	556.641	0.456
1590.000	15.000	556.641	0.456
1600.000	15.000	556.641	0.456
1610.000	15.000	546.875	0.483
1620.000	15.000	546.875	0.483
1630.000	15.000	546.875	0.483
1640.000	15.000	605.469	0.484
1650.000	15.000	605.469	0.484
1660.000	15.000	605.469	0.484
1670.000	15.000	560.547	0.484
1680.000	15.000	560.547	0.484
1690.000	15.000	560.547	0.484
1700.000	15.000	646.484	0.472
1710.000	15.000	646.484	0.472
1720.000	15.000	646.484	0.472
1730.000	15.000	675.781	0.445
1740.000	15.000	675.781	0.445
1750.000	15.000	675.781	0.445
1760.000	15.000	732.422	0.439
1770.000	15.000	732.422	0.439
1780.000	15.000	732.422	0.439
1790.000	15.000	712.891	0.386
1800.000	15.000	712.891	0.386
1810.000	15.000	712.891	0.386
1820.000	15.000	769.531	0.488
1830.000	15.000	769.531	0.488
1840.000	15.000	769.531	0.488
1850.000	15.000	816.406	0.440
1860.000	15.000	816.406	0.440
1870.000	15.000	816.406	0.440
1880.000	15.000	845.703	0.531
1890.000	15.000	845.703	0.531
1900.000	15.000	845.703	0.531
1910.000	15.000	882.812	0.438
1920.000	15.000	882.812	0.438
1930.000	15.000	882.812	0.438
1940.000	15.000	888.672	0.464
1950.000	15.000	888.672	0.464
1960.000	15.000	888.672	0.464
1970.000	15.000	925.781	0.522
1980.000	15.000	925.781	0.522
1990.000	15.000	925.781	0.522
2000.000	15.000	968.750	0.338
2010.000	15.000	968.750	0.338
2020.000	15.000	968.750	0.338
2030.000	15.000	1023.437	0.362
2040.000	15.000	1023.437	0.362
2050.000	15.000	1023.437	0.362
2060.000	15.000	1058.594	0.426
2070.000	15.000	1058.594	0.426
2080.000	15.000	1058.594	0.426
2090.000	15.000	1082.031	0.349
2100.000	15.000	1082.031	0.349
2110.000	15.000	1082.031	0.349
2120.000	15.000	1070.312	0.535
2130.000	15.000	1070.312	0.535
2140.000	15.000	1070.312	0.535
2150.000	15.000	1107.422	0.463
2160.000	15.000	1107.422	0.463
2170.000	15.000	1107.422	0.463
2180.000	15.000	1132.812	0.354
2190.000	15.000	1132.812	0.354
2200.000	15.000	1132.812	0.354
2210.000	15.000	1177.734	0.439
2220.000	15.000	1177.734	0.439
2230.000	15.000	1177.734	0.439
2240.000	15.000	1208.984	0.600
2250.000	15.000	1208.984	0.600
2260.000	15.000	1208.984	0.600
2270.000	15.000	1232.422	0.369
2280.000	15.000	1232.422	0.369
2290.000	15.000	1232.422	0.369
2300.000	15.000	1275.391	0.358
2310.000	15.000	1275.391	0.358
2320.000	15.000	1275.391	0.358
2330.000	15.000	1302.734	0.365
2340.000	15.000	1302.734	0.365
2350.000	15.000	1302.734	0.365
2360.000	15.000	1332.031	0.347
2370.000	15.000	1332.031	0.347
2380.000	15.000	1332.031	0.347
2390.000	15.000	1365.234	0.546
2400.000	15.000	1365.234	0.546
2410.000	15.000	1365.234	0.546
2420.000	15.000	1347.656	0.430
2430.000	15.000	1347.656	0.430
2440.000	15.000	1347.656	0.430
2450.000	15.000	1404.297	0.343
2460.000	15.000	1404.297	0.343
2470.000	15.000	1404.297	0.343
2480.000	15.000	1455.078	0.408
2490.000	15.000	1455.078	0.408
2500.000	15.000	1455.078	0.408
2510.000	15.000	1472.656	0.430
2520.000	15.000	1472.656	0.430
2530.000	15.000	1472.656	0.430
2540.000	15.000	1525.391	0.475
2550.000	15.000	1525.391	0.475
2560.000	15.000	1525.391	0.475
2570.000	15.000	1525.391	0.440
2580.000	15.000	1525.391	0.440
2590.000	15.000	1525.391	0.440
2600.000	15.000	1585.937	0.396
2610.000	15.000	1585.937	0.396
2620.000	15.000	1585.937	0.396
2630.000	15.000	1546.875	0.684
2640.000	15.000	1546.875	0.684
2650.000	15.000	1546.875	0.684
2660.000	15.000	1609.375	0.439
2670.000	15.000	1609.375	0.439
2680.000	15.000	1609.375	0.439
2690.000	15.000	1628.906	0.607
2700.000	15.000	1628.906	0.607
2710.000	15.000	1628.906	0.607
2720.000	15.000	1656.250	0.306
2730.000	15.000	1656.250	0.306
2740.000	15.000	1656.250	0.306
2750.000	15.000	1710.937	0.301
2760.000	15.000	1710.937	0.301
2770.000	15.000	1710.937	0.301
2780.000	15.000	1710.937	0.550
2790.000	15.000	1710.937	0.550
2800.000	15.000	1710.937	0.550
2810.000	15.000	1767.578	0.463
2820.000	15.000	1767.578	0.463
2830.000	15.000	1767.578	0.463
2840.000	15.000	1796.875	0.390
2850.000	15.000	1796.875	0.390
2860.000	15.000	1796.875	0.390
2870.000	15.000	1832.031	0.469
2880.000	15.000	1832.031	0.469
2890.000	15.000	1832.031	0.469
2900.000	15.000	1855.469	0.528
2910.000	15.000	1855.469	0.528
2920.000	15.000	1855.469	0.528
2930.000	15.000	1871.094	0.536
2940.000	15.000	1871.094	0.536
2950.000	15.000	1871.094	0.536
2960.000	15.000	1912.109	0.524
2970.000	15.000	1912.109	0.524
2980.000	15.000	1912.109	0.524
2990.000	15.000	1925.781	0.412
3000.000	15.000	1925.781	0.412
3010.000	15.000	1925.781	0.412
3020.000	15.000	1935.547	0.333
3030.000	15.000	1935.547	0.333
3040.000	15.000	1935.547	0.333
3050.000	15.000	1980.469	0.406
3060.000	15.000	1980.469	0.406
3070.000	15.000	1980.469	0.406
3080.000	15.000	2033.203	0.433
3090.000	15.000	2033.203	0.433
3100.000	15.000	2033.203	0.433
3110.000	15.000	2039.062	0.414
3120.000	15.000	2039.062	0.414
3130.000	15.000	2039.062	0.414
3140.000	15.000	2058.594	0.431
3150.000	15.000	2058.594	0.431
3160.000	15.000	2058.594	0.431
3170.000	15.000	2097.656	0.581
3180.000	15.000	2097.656	0.581
3190.000	15.000	2097.656	0.581
3200.000	15.000	2105.469	0.394
3210.000	15.000	2105.469	0.394
3220.000	15.000	2105.469	0.394
3230.000	15.000	2175.781	0.453
3240.000	15.000	2175.781	0.453
3250.000	15.000	2175.781	0.453
3260.000	15.000	2187.500	0.420
3270.000	15.000	2187.500	0.420
3280.000	15.000	2187.500	0.420
3290.000	15.000	2207.031	0.407
3300.000	15.000	2207.031	0.407
3310.000	15.000	2207.031	0.407
3320.000	15.000	2216.797	0.405
3330.000	15.000	2216.797	0.405
3340.000	15.000	2216.797	0.405
3350.000	15.000	2248.047	0.459
3360.000	15.000	2248.047	0.459
3370.000	15.000	2248.047	0.459
3380.000	15.000	2291.016	0.567
3390.000	15.000	2291.016	0.567
3400.000	15.000	2291.016	0.567
3410.000	15.000	2337.891	0.571
3420.000	15.000	2337.891	0.571
3430.000	15.000	2337.891	0.571
3440.000	15.000	2353.516	0.529
3450.000	15.000	2353.516	0.529
3460.000	15.000	2353.516	0.529
3470.000	15.000	2365.234	0.288
3480.000	15.000	2365.234	0.288
3490.000	15.000	2365.234	0.288
3500.000	15.000	2380.859	0.553
3510.000	15.000	2380.859	0.553
3520.000	15.000	2380.859	0.553
3530.000	15.000	2423.828	0.656
3540.000	15.000	2423.828	0.656
3550.000	15.000	2423.828	0.656
3560.000	15.000	2421.875	0.376
3570.000	15.000	2421.875	0.376
3580.000	15.000	2421.875	0.376
3590.000	15.000	2455.078	0.590
3600.000	15.000	2455.078	0.590
3610.000	15.000	2455.078	0.590
3620.000	15.000	2505.859	0.382
3630.000	15.000	2505.859	0.382
3640.000	15.000	2505.859	0.382
3650.000	15.000	2527.344	0.544
3660.000	15.000	2527.344	0.544
3670.000	15.000	2527.344	0.544
3680.000	15.000	2531.250	0.655
3690.000	15.000	2531.250	0.655
3700.000	15.000	2531.250	0.655
3710.000	15.000	2568.359	0.528
3720.000	15.000	2568.359	0.528
3730.000	15.000	2568.359	0.528
3740.000	15.000	2593.750	0.396
3750.000	15.000	2593.750	0.396
3760.000	15.000	2593.750	0.396
3770.000	15.000	2617.187	0.381
3780.000	15.000	2617.187	0.381
3790.000	15.000	2617.187	0.381
3800.000	15.000	2601.562	0.378
3810.000	15.000	2601.562	0.378
3820.000	15.000	2601.562	0.378
3830.000	15.000	2681.641	0.366
3840.000	15.000	2681.641	0.366
3850.000	15.000	2681.641	0.366
3860.000	15.000	2703.125	0.376
3870.000	15.000	2703.125	0.376
3880.000	15.000	2703.125	0.376
3890.000	15.000	2716.797	0.419
3900.000	15.000	2716.797	0.419
3910.000	15.000	2716.797	0.419
3920.000	15.000	2777.344	0.540
3930.000	15.000	2777.344	0.540
3940.000	15.000	2777.344	0.540
3950.000	15.000	2769.531	0.688
3960.000	15.000	2769.531	0.688
3970.000	15.000	2769.531	0.688
3980.000	15.000	2802.734	0.555
3990.000	15.000	2802.734	0.555
4000.000	15.000	2802.734	0.555
4010.000	15.000	2810.547	0.376
4020.000	15.000	2810.547	0.376
4030.000	15.000	2810.547	0.376
4040.000	15.000	2867.187	0.377
4050.000	15.000	2867.187	0.377
4060.000	15.000	2867.187	0.377
4070.000	15.000	2882.812	0.360
4080.000	15.000	2882.812	0.360
4090.000	15.000	2882.812	0.360
4100.000	15.000	2898.437	0.340
4110.000	15.000	2898.437	0.340
4120.000	15.000	2898.437	0.340
4130.000	15.000	2935.547	0.418
4140.000	15.000	2935.547	0.418
4150.000	15.000	2935.547	0.418
4160.000	15.000	2933.594	0.267
4170.000	15.000	2933.594	0.267
4180.000	15.000	2933.594	0.267
4190.000	15.000	3001.953	0.305
4200.000	15.000	3001.953	0.305
4210.000	15.000	3001.953	0.305
4220.000	15.000	2982.422	0.312
4230.000	15.000	2982.422	0.312
4240.000	15.000	2982.422	0.312
4250.000	15.000	2994.141	0.347
4260.000	15.000	2994.141	0.347
4270.000	15.000	2994.141	0.347
4280.000	15.000	3023.437	0.451
4290.000	15.000	3023.437	0.451
4300.000	15.000	3023.437	0.451
4310.000	15.000	3019.531	0.275
4320.000	15.000	3019.531	0.275
4330.000	15.000	3019.531	0.275
4340.000	15.000	3041.016	0.271
4350.000	15.000	3041.016	0.271
4360.000	15.000	3041.016	0.271
4370.000	15.000	3058.594	0.297
4380.000	15.000	3058.594	0.297
4390.000	15.000	3058.594	0.297
4400.000	15.000	3050.781	0.312
4410.000	15.000	3050.781	0.312
4420.000	15.000	3050.781	0.312
4430.000	15.000	3058.594	0.221
4440.000	15.000	3058.594	0.221
4450.000	15.000	3058.594	0.221
4460.000	15.000	3085.937	0.222
4470.000	15.000	3085.937	0.222
4480.000	15.000	3085.937	0.222
4490.000	15.000	3080.078	0.221
4500.000	15.000	3080.078	0.221
4510.000	15.000	3080.078	0.221
4520.000	15.000	3093.750	0.240
4530.000	15.000	3093.750	0.240
4540.000	15.000	3093.750	0.240
4550.000	15.000	3097.656	0.065
4560.000	15.000	3097.656	0.065
4570.000	15.000	3097.656	0.065
4580.000	15.000	3109.375	0.405
4590.000	15.000	3109.375	0.405
4600.000	15.000	3109.375	0.405
4610.000	15.000	3121.094	0.281
4620.000	15.000	3121.094	0.281
4630.000	15.000	3121.094	0.281
4640.000	15.000	3097.656	0.251
4650.000	15.000	3097.656	0.251
4660.000	15.000	3097.656	0.251
4670.000	15.000	3128.906	0.174
4680.000	15.000	3128.906	0.174
4690.000	15.000	3128.906	0.174
4700.000	15.000	3150.391	0.229
4710.000	15.000	3150.391	0.229
4720.000	15.000	3150.391	0.229
4730.000	15.000	3134.766	0.219
4740.000	15.000	3134.766	0.219
4750.000	15.000	3134.766	0.219
4760.000	15.000	3146.484	0.180
4770.000	15.000	3146.484	0.180
4780.000	15.000	3146.484	0.180
4790.000	15.000	3140.625	0.385
4800.000	15.000	3140.625	0.385
4810.000	15.000	3140.625	0.385
4820.000	15.000	3156.250	0.210
4830.000	15.000	3156.250	0.210
4840.000	15.000	3156.250	0.210
4850.000	15.000	3169.922	0.178
4860.000	15.000	3169.922	0.178
4870.000	15.000	3169.922	0.178
4880.000	15.000	3156.250	0.168
4890.000	15.000	3156.250	0.168
4900.000	15.000	3156.250	0.168
4910.000	15.000	3177.734	0.263
4920.000	15.000	3177.734	0.263
4930.000	15.000	3177.734	0.263
4940.000	15.000	3140.625	0.082
4950.000	15.000	3140.625	0.082
4960.000	15.000	3140.625	0.082
4970.000	15.000	3154.297	0.203
4980.000	15.000	3154.297	0.203
4990.000	15.000	3154.297	0.203
5000.000	15.000	3183.594	0.315
5010.000	15.000	3183.594	0.315
5020.000	15.000	3183.594	0.315
5030.000	15.000	3136.719	0.294
5040.000	15.000	3136.719	0.294
5050.000	15.000	3136.719	0.294
5060.000	15.000	3177.734	0.270
5070.000	15.000	3177.734	0.270
5080.000	15.000	3177.734	0.270
5090.000	15.000	3181.641	0.169
5100.000	15.000	3181.641	0.169
5110.000	15.000	3181.641	0.169
5120.000	15.000	3210.937	0.067
5130.000	15.000	3210.937	0.067
5140.000	15.000	3210.937	0.067
5150.000	15.000	3222.656	0.162
5160.000	15.000	3222.656	0.162
5170.000	15.000	3222.656	0.162
5180.000	15.000	3220.703	0.250
5190.000	15.000	3220.703	0.250
5200.000	15.000	3220.703	0.250
5210.000	15.000	3212.891	0.139
5220.000	15.000	3212.891	0.139
5230.000	15.000	3212.891	0.139
5240.000	15.000	3216.797	0.172
5250.000	15.000	3216.797	0.172
5260.000	15.000	3216.797	0.172
5270.000	15.000	3207.031	0.312
5280.000	15.000	3207.031	0.312
5290.000	15.000	3207.031	0.312
5300.000	15.000	3191.406	0.274
5310.000	15.000	3191.406	0.274
5320.000	15.000	3191.406	0.274
5330.000	15.000	3255.859	0.241
5340.000	15.000	3255.859	0.241
5350.000	15.000	3255.859	0.241
5360.000	15.000	3207.031	0.310
5370.000	15.000	3207.031	0.310
5380.000	15.000	3207.031	0.310
5390.000	15.000	3265.625	0.365
5400.000	15.000	3265.625	0.365
5410.000	15.000	3265.625	0.365
5420.000	15.000	3244.141	0.086
5430.000	15.000	3244.141	0.086
5440.000	15.000	3244.141	0.086
5450.000	15.000	3224.609	0.195
5460.000	15.000	3224.609	0.195
5470.000	15.000	3224.609	0.195
5480.000	15.000	3263.672	0.303
5490.000	15.000	3263.672	0.303
5500.000	15.000	3263.672	0.303
5510.000	15.000	3232.422	0.178
5520.000	15.000	3232.422	0.178
5530.000	15.000	3232.422	0.178
5540.000	15.000	3230.469	0.281
5550.000	15.000	3230.469	0.281
5560.000	15.000	3230.469	0.281
5570.000	15.000	3226.562	0.140
5580.000	15.000	3226.562	0.140
5590.000	15.000	3226.562	0.140
5600.000	15.000	3234.375	0.105
5610.000	15.000	3234.375	0.105
5620.000	15.000	3234.375	0.105
5630.000	15.000	3246.094	0.030
5640.000	15.000	3246.094	0.030
5650.000	15.000	3246.094	0.030
5660.000	15.000	3273.437	0.206
5670.000	15.000	3273.437	0.206
5680.000	15.000	3273.437	0.206
5690.000	15.000	3244.141	0.028
5700.000	15.000	3244.141	0.028
5710.000	15.000	3244.141	0.028
5720.000	15.000	3242.187	0.171
5730.000	15.000	3242.187	0.171
5740.000	15.000	3242.187	0.171
5750.000	15.000	3263.672	0.233
5760.000	15.000	3263.672	0.233
5770.000	15.000	3263.672	0.233
5780.000	15.000	3269.531	0.190
5790.000	15.000	3269.531	0.190
5800.000	15.000	3269.531	0.190
5810.000	15.000	3265.625	0.345
5820.000	15.000	3265.625	0.345
5830.000	15.000	3265.625	0.345
5840.000	15.000	3263.672	0.104
5850.000	15.000	3263.672	0.104
5860.000	15.000	3263.672	0.104
5870.000	15.000	3275.391	0.287
5880.000	15.000	3275.391	0.287
5890.000	15.000	3275.391	0.287
5900.000	15.000	3263.672	0.165
5910.000	15.000	3263.672	0.165
5920.000	15.000	3263.672	0.165
5930.000	15.000	3279.297	0.238
5940.000	15.000	3279.297	0.238
5950.000	15.000	3279.297	0.238
5960.000	15.000	3267.578	0.277
5970.000	15.000	3267.578	0.277
5980.000	15.000	3267.578	0.277
5990.000	15.000	3296.875	0.193
6000.000	15.000	3296.875	0.193
6010.000	15.000	3296.875	0.193
6020.000	15.000	3277.344	0.193
6030.000	15.000	3277.344	0.193
6040.000	15.000	3277.344	0.193
6050.000	15.000	3287.109	0.091
6060.000	15.000	3287.109	0.091
6070.000	15.000	3287.109	0.091
6080.000	15.000	3289.062	0.215
6090.000	15.000	3289.062	0.215
6100.000	15.000	3289.062	0.215
6110.000	15.000	3275.391	-0.127
6120.000	15.000	3275.391	-0.127
6130.000	15.000	3275.391	-0.127
6140.000	15.000	3275.391	0.020
6150.000	15.000	3275.391	0.020
6160.000	15.000	3275.391	0.020
6170.000	15.000	3261.719	0.016
6180.000	15.000	3261.719	0.016
6190.000	15.000	3261.719	0.016
6200.000	15.000	3242.187	-0.033
6210.000	15.000	3242.187	-0.033
6220.000	15.000	3242.187	-0.033
6230.000	15.000	3228.516	-0.033
6240.000	15.000	3228.516	-0.033
6250.000	15.000	3228.516	-0.033
6260.000	15.000	3222.656	0.008
6270.000	15.000	3222.656	0.008
6280.000	15.000	3222.656	0.008
6290.000	15.000	3224.609	-0.013
6300.000	15.000	3224.609	-0.013
6310.000	15.000	3224.609	-0.013
6320.000	15.000	3160.156	0.037
6330.000	15.000	3160.156	0.037
6340.000	15.000	3160.156	0.037
6350.000	15.000	3187.500	-0.026
6360.000	15.000	3187.500	-0.026
6370.000	15.000	3187.500	-0.026
6380.000	15.000	3154.297	0.002
6390.000	15.000	3154.297	0.002
6400.000	15.000	3154.297	0.002
6410.000	15.000	3152.344	-0.022
6420.000	15.000	3152.344	-0.022
6430.000	15.000	3152.344	-0.022
6440.000	15.000	3097.656	-0.030
6450.000	15.000	3097.656	-0.030
6460.000	15.000	3097.656	-0.030
6470.000	15.000	3138.672	-0.013
6480.000	15.000	3138.672	-0.013
6490.000	15.000	3138.672	-0.013
6500.000	15.000	3083.984	-0.134
6510.000	15.000	3083.984	-0.134
6520.000	15.000	3083.984	-0.134
6530.000	15.000	3078.125	0.043
6540.000	15.000	3078.125	0.043
6550.000	15.000	3078.125	0.043
6560.000	15.000	3066.406	-0.018
6570.000	15.000	3066.406	-0.018
6580.000	15.000	3066.406	-0.018
6590.000	15.000	3052.734	0.118
6600.000	15.000	3052.734	0.118
6610.000	15.000	3052.734	0.118
6620.000	15.000	3052.734	-0.114
6630.000	15.000	3052.734	-0.114
6640.000	15.000	3052.734	-0.114
6650.000	15.000	3035.156	-0.085
6660.000	15.000	3035.156	-0.085
6670.000	15.000	3035.156	-0.085
6680.000	15.000	3039.062	0.049
6690.000	15.000	3039.062	0.049
6700.000	15.000	3039.062	0.049
6710.000	15.000	3007.812	0.106
6720.000	15.000	3007.812	0.106
6730.000	15.000	3007.812	0.106
6740.000	15.000	2988.281	-0.051
6750.000	15.000	2988.281	-0.051
6760.000	15.000	2988.281	-0.051
6770.000	15.000	2945.312	-0.016
6780.000	15.000	2945.312	-0.016
6790.000	15.000	2945.312	-0.016
6800.000	15.000	2925.781	-0.102
6810.000	15.000	2925.781	-0.102
6820.000	15.000	2925.781	-0.102
6830.000	15.000	2929.687	0.104
6840.000	15.000	2929.687	0.104
6850.000	15.000	2929.687	0.104
6860.000	15.000	2939.453	-0.014
6870.000	15.000	2939.453	-0.014
6880.000	15.000	2939.453	-0.014
6890.000	15.000	2908.203	-0.092
6900.000	15.000	2908.203	-0.092
6910.000	15.000	2908.203	-0.092
6920.000	15.000	2888.672	-0.104
6930.000	15.000	2888.672	-0.104
6940.000	15.000	2888.672	-0.104
6950.000	15.000	2878.906	0.075
6960.000	15.000	2878.906	0.075
6970.000	15.000	2878.906	0.075
6980.000	15.000	2876.953	0.032
6990.000	15.000	2876.953	0.032
7000.000	15.000	2876.953	0.032
7010.000	15.000	2886.719	0.033
7020.000	15.000	2886.719	0.033
