%Time [ms]	Commanded Torque [mNm]	Angular Velocity [RPM]	Actual Current [Amp]	%3/17/202011:32 AM
0.000	0.000	0.000	0.000
20.000	10.000	0.000	0.011
30.000	10.000	0.000	0.011
40.000	10.000	0.000	0.011
50.000	10.000	17.578	0.001
60.000	10.000	17.578	0.001
70.000	10.000	17.578	0.001
80.000	10.000	9.766	0.007
90.000	10.000	9.766	0.007
100.000	10.000	9.766	0.007
110.000	10.000	-1.953	0.007
120.000	10.000	-1.953	0.007
130.000	10.000	-1.953	0.007
140.000	10.000	-29.297	0.002
150.000	10.000	-29.297	0.002
160.000	10.000	-29.297	0.002
170.000	10.000	7.812	-0.017
180.000	10.000	7.812	-0.017
190.000	10.000	7.812	-0.017
200.000	10.000	42.969	0.007
210.000	10.000	42.969	0.007
220.000	10.000	42.969	0.007
230.000	10.000	0.000	0.006
240.000	10.000	0.000	0.006
250.000	10.000	0.000	0.006
260.000	10.000	1.953	0.006
270.000	10.000	1.953	0.006
280.000	10.000	1.953	0.006
290.000	10.000	3.906	0.008
300.000	10.000	3.906	0.008
310.000	10.000	3.906	0.008
320.000	10.000	41.016	0.005
330.000	10.000	41.016	0.005
340.000	10.000	41.016	0.005
350.000	10.000	-5.859	-0.004
360.000	10.000	-5.859	-0.004
370.000	10.000	-5.859	-0.004
380.000	10.000	39.062	0.000
390.000	10.000	39.062	0.000
400.000	10.000	39.062	0.000
410.000	10.000	15.625	0.014
420.000	10.000	15.625	0.014
430.000	10.000	15.625	0.014
440.000	10.000	13.672	-0.006
450.000	10.000	13.672	-0.006
460.000	10.000	13.672	-0.006
470.000	10.000	-39.062	-0.011
480.000	10.000	-39.062	-0.011
490.000	10.000	-39.062	-0.011
500.000	10.000	3.906	0.005
510.000	10.000	3.906	0.005
520.000	10.000	3.906	0.005
530.000	10.000	9.766	0.017
540.000	10.000	9.766	0.017
550.000	10.000	9.766	0.017
560.000	10.000	11.719	0.001
570.000	10.000	11.719	0.001
580.000	10.000	11.719	0.001
590.000	10.000	-25.391	-0.012
600.000	10.000	-25.391	-0.012
610.000	10.000	-25.391	-0.012
620.000	10.000	7.812	-0.022
630.000	10.000	7.812	-0.022
640.000	10.000	7.812	-0.022
650.000	10.000	33.203	0.002
660.000	10.000	33.203	0.002
670.000	10.000	33.203	0.002
680.000	10.000	1.953	0.005
690.000	10.000	1.953	0.005
700.000	10.000	1.953	0.005
710.000	10.000	17.578	-0.005
720.000	10.000	17.578	-0.005
730.000	10.000	17.578	-0.005
740.000	10.000	5.859	-0.003
750.000	10.000	5.859	-0.003
760.000	10.000	5.859	-0.003
770.000	10.000	5.859	0.000
780.000	10.000	5.859	0.000
790.000	10.000	5.859	0.000
800.000	10.000	7.812	0.008
810.000	10.000	7.812	0.008
820.000	10.000	7.812	0.008
830.000	10.000	7.812	-0.005
840.000	10.000	7.812	-0.005
850.000	10.000	7.812	-0.005
860.000	10.000	-11.719	-0.002
870.000	10.000	-11.719	-0.002
880.000	10.000	-11.719	-0.002
890.000	10.000	-29.297	-0.001
900.000	10.000	-29.297	-0.001
910.000	10.000	-29.297	-0.001
920.000	10.000	-1.953	-0.005
930.000	10.000	-1.953	-0.005
940.000	10.000	-1.953	-0.005
950.000	10.000	1.953	-0.001
960.000	10.000	1.953	-0.001
970.000	10.000	1.953	-0.001
980.000	10.000	-25.391	0.001
990.000	10.000	-25.391	0.001
1000.000	10.000	-25.391	0.001
1010.000	10.000	1.953	-0.006
1020.000	10.000	1.953	-0.006
1030.000	10.000	1.953	-0.006
1040.000	10.000	-11.719	0.001
1050.000	10.000	-11.719	0.001
1060.000	10.000	-11.719	0.001
1070.000	10.000	-25.391	-0.004
1080.000	10.000	-25.391	-0.004
1090.000	10.000	-25.391	-0.004
1100.000	10.000	3.906	0.288
1110.000	10.000	3.906	0.288
1120.000	10.000	3.906	0.288
1130.000	10.000	11.719	0.294
1140.000	10.000	11.719	0.294
1150.000	10.000	11.719	0.294
1160.000	10.000	-7.812	0.282
1170.000	10.000	-7.812	0.282
1180.000	10.000	-7.812	0.282
1190.000	10.000	60.547	0.271
1200.000	10.000	60.547	0.271
1210.000	10.000	60.547	0.271
1220.000	10.000	66.406	0.326
1230.000	10.000	66.406	0.326
1240.000	10.000	66.406	0.326
1250.000	10.000	78.125	0.285
1260.000	10.000	78.125	0.285
1270.000	10.000	78.125	0.285
1280.000	10.000	113.281	0.228
1290.000	10.000	113.281	0.228
1300.000	10.000	113.281	0.228
1310.000	10.000	142.578	0.282
1320.000	10.000	142.578	0.282
1330.000	10.000	142.578	0.282
1340.000	10.000	181.641	0.308
1350.000	10.000	181.641	0.308
1360.000	10.000	181.641	0.308
1370.000	10.000	179.687	0.319
1380.000	10.000	179.687	0.319
1390.000	10.000	179.687	0.319
1400.000	10.000	212.891	0.298
1410.000	10.000	212.891	0.298
1420.000	10.000	212.891	0.298
1430.000	10.000	226.562	0.289
1440.000	10.000	226.562	0.289
1450.000	10.000	226.562	0.289
1460.000	10.000	230.469	0.303
1470.000	10.000	230.469	0.303
1480.000	10.000	230.469	0.303
1490.000	10.000	263.672	0.288
1500.000	10.000	263.672	0.288
1510.000	10.000	263.672	0.288
1520.000	10.000	279.297	0.317
1530.000	10.000	279.297	0.317
1540.000	10.000	279.297	0.317
1550.000	10.000	287.109	0.264
1560.000	10.000	287.109	0.264
1570.000	10.000	287.109	0.264
1580.000	10.000	292.969	0.253
1590.000	10.000	292.969	0.253
1600.000	10.000	292.969	0.253
1610.000	10.000	359.375	0.273
1620.000	10.000	359.375	0.273
1630.000	10.000	359.375	0.273
1640.000	10.000	353.516	0.281
1650.000	10.000	353.516	0.281
1660.000	10.000	353.516	0.281
1670.000	10.000	363.281	0.308
1680.000	10.000	363.281	0.308
1690.000	10.000	363.281	0.308
1700.000	10.000	417.969	0.270
1710.000	10.000	417.969	0.270
1720.000	10.000	417.969	0.270
1730.000	10.000	390.625	0.290
1740.000	10.000	390.625	0.290
1750.000	10.000	390.625	0.290
1760.000	10.000	443.359	0.271
1770.000	10.000	443.359	0.271
1780.000	10.000	443.359	0.271
1790.000	10.000	408.203	0.295
1800.000	10.000	408.203	0.295
1810.000	10.000	408.203	0.295
1820.000	10.000	453.125	0.269
1830.000	10.000	453.125	0.269
1840.000	10.000	453.125	0.269
1850.000	10.000	505.859	0.329
1860.000	10.000	505.859	0.329
1870.000	10.000	505.859	0.329
1880.000	10.000	501.953	0.318
1890.000	10.000	501.953	0.318
1900.000	10.000	501.953	0.318
1910.000	10.000	517.578	0.255
1920.000	10.000	517.578	0.255
1930.000	10.000	517.578	0.255
1940.000	10.000	556.641	0.292
1950.000	10.000	556.641	0.292
1960.000	10.000	556.641	0.292
1970.000	10.000	578.125	0.338
1980.000	10.000	578.125	0.338
1990.000	10.000	578.125	0.338
2000.000	10.000	578.125	0.354
2010.000	10.000	578.125	0.354
2020.000	10.000	578.125	0.354
2030.000	10.000	568.359	0.269
2040.000	10.000	568.359	0.269
2050.000	10.000	568.359	0.269
2060.000	10.000	607.422	0.269
2070.000	10.000	607.422	0.269
2080.000	10.000	607.422	0.269
2090.000	10.000	626.953	0.257
2100.000	10.000	626.953	0.257
2110.000	10.000	626.953	0.257
2120.000	10.000	642.578	0.275
2130.000	10.000	642.578	0.275
2140.000	10.000	642.578	0.275
2150.000	10.000	656.250	0.201
2160.000	10.000	656.250	0.201
2170.000	10.000	656.250	0.201
2180.000	10.000	648.437	0.265
2190.000	10.000	648.437	0.265
2200.000	10.000	648.437	0.265
2210.000	10.000	687.500	0.187
2220.000	10.000	687.500	0.187
2230.000	10.000	687.500	0.187
2240.000	10.000	701.172	0.264
2250.000	10.000	701.172	0.264
2260.000	10.000	701.172	0.264
2270.000	10.000	722.656	0.266
2280.000	10.000	722.656	0.266
2290.000	10.000	722.656	0.266
2300.000	10.000	726.562	0.265
2310.000	10.000	726.562	0.265
2320.000	10.000	726.562	0.265
2330.000	10.000	759.766	0.270
2340.000	10.000	759.766	0.270
2350.000	10.000	759.766	0.270
2360.000	10.000	767.578	0.296
2370.000	10.000	767.578	0.296
2380.000	10.000	767.578	0.296
2390.000	10.000	804.687	0.231
2400.000	10.000	804.687	0.231
2410.000	10.000	804.687	0.231
2420.000	10.000	832.031	0.292
2430.000	10.000	832.031	0.292
2440.000	10.000	832.031	0.292
2450.000	10.000	828.125	0.259
2460.000	10.000	828.125	0.259
2470.000	10.000	828.125	0.259
2480.000	10.000	849.609	0.324
2490.000	10.000	849.609	0.324
2500.000	10.000	849.609	0.324
2510.000	10.000	861.328	0.247
2520.000	10.000	861.328	0.247
2530.000	10.000	861.328	0.247
2540.000	10.000	892.578	0.265
2550.000	10.000	892.578	0.265
2560.000	10.000	892.578	0.265
2570.000	10.000	888.672	0.229
2580.000	10.000	888.672	0.229
2590.000	10.000	888.672	0.229
2600.000	10.000	884.766	0.199
2610.000	10.000	884.766	0.199
2620.000	10.000	884.766	0.199
2630.000	10.000	902.344	0.235
2640.000	10.000	902.344	0.235
2650.000	10.000	902.344	0.235
2660.000	10.000	935.547	0.213
2670.000	10.000	935.547	0.213
2680.000	10.000	935.547	0.213
2690.000	10.000	923.828	0.213
2700.000	10.000	923.828	0.213
2710.000	10.000	923.828	0.213
2720.000	10.000	972.656	0.347
2730.000	10.000	972.656	0.347
2740.000	10.000	972.656	0.347
2750.000	10.000	994.141	0.260
2760.000	10.000	994.141	0.260
2770.000	10.000	994.141	0.260
2780.000	10.000	976.562	0.325
2790.000	10.000	976.562	0.325
2800.000	10.000	976.562	0.325
2810.000	10.000	962.891	0.214
2820.000	10.000	962.891	0.214
2830.000	10.000	962.891	0.214
2840.000	10.000	1001.953	0.227
2850.000	10.000	1001.953	0.227
2860.000	10.000	1001.953	0.227
2870.000	10.000	966.797	0.205
2880.000	10.000	966.797	0.205
2890.000	10.000	966.797	0.205
2900.000	10.000	1013.672	0.312
2910.000	10.000	1013.672	0.312
2920.000	10.000	1013.672	0.312
2930.000	10.000	1031.250	0.189
2940.000	10.000	1031.250	0.189
2950.000	10.000	1031.250	0.189
2960.000	10.000	1041.016	0.239
2970.000	10.000	1041.016	0.239
2980.000	10.000	1041.016	0.239
2990.000	10.000	1039.062	0.229
3000.000	10.000	1039.062	0.229
3010.000	10.000	1039.062	0.229
3020.000	10.000	1048.828	0.296
3030.000	10.000	1048.828	0.296
3040.000	10.000	1048.828	0.296
3050.000	10.000	1082.031	0.342
3060.000	10.000	1082.031	0.342
3070.000	10.000	1082.031	0.342
3080.000	10.000	1097.656	0.174
3090.000	10.000	1097.656	0.174
3100.000	10.000	1097.656	0.174
3110.000	10.000	1099.609	0.380
3120.000	10.000	1099.609	0.380
3130.000	10.000	1099.609	0.380
3140.000	10.000	1105.469	0.295
3150.000	10.000	1105.469	0.295
3160.000	10.000	1105.469	0.295
3170.000	10.000	1128.906	0.205
3180.000	10.000	1128.906	0.205
3190.000	10.000	1128.906	0.205
3200.000	10.000	1132.812	0.265
3210.000	10.000	1132.812	0.265
3220.000	10.000	1132.812	0.265
3230.000	10.000	1093.750	0.204
3240.000	10.000	1093.750	0.204
3250.000	10.000	1093.750	0.204
3260.000	10.000	1164.062	0.245
3270.000	10.000	1164.062	0.245
3280.000	10.000	1164.062	0.245
3290.000	10.000	1134.766	0.178
3300.000	10.000	1134.766	0.178
3310.000	10.000	1134.766	0.178
3320.000	10.000	1160.156	0.364
3330.000	10.000	1160.156	0.364
3340.000	10.000	1160.156	0.364
3350.000	10.000	1185.547	0.212
3360.000	10.000	1185.547	0.212
3370.000	10.000	1185.547	0.212
3380.000	10.000	1175.781	0.195
3390.000	10.000	1175.781	0.195
3400.000	10.000	1175.781	0.195
3410.000	10.000	1197.266	0.199
3420.000	10.000	1197.266	0.199
3430.000	10.000	1197.266	0.199
3440.000	10.000	1203.125	0.346
3450.000	10.000	1203.125	0.346
3460.000	10.000	1203.125	0.346
3470.000	10.000	1201.172	0.210
3480.000	10.000	1201.172	0.210
3490.000	10.000	1201.172	0.210
3500.000	10.000	1210.937	0.253
3510.000	10.000	1210.937	0.253
3520.000	10.000	1210.937	0.253
3530.000	10.000	1240.234	0.185
3540.000	10.000	1240.234	0.185
3550.000	10.000	1240.234	0.185
3560.000	10.000	1253.906	0.236
3570.000	10.000	1253.906	0.236
3580.000	10.000	1253.906	0.236
3590.000	10.000	1269.531	0.207
3600.000	10.000	1269.531	0.207
3610.000	10.000	1269.531	0.207
3620.000	10.000	1281.250	0.237
3630.000	10.000	1281.250	0.237
3640.000	10.000	1281.250	0.237
3650.000	10.000	1261.719	0.203
3660.000	10.000	1261.719	0.203
3670.000	10.000	1261.719	0.203
3680.000	10.000	1300.781	0.289
3690.000	10.000	1300.781	0.289
3700.000	10.000	1300.781	0.289
3710.000	10.000	1281.250	0.136
3720.000	10.000	1281.250	0.136
3730.000	10.000	1281.250	0.136
3740.000	10.000	1304.687	0.175
3750.000	10.000	1304.687	0.175
3760.000	10.000	1304.687	0.175
3770.000	10.000	1310.547	0.236
3780.000	10.000	1310.547	0.236
3790.000	10.000	1310.547	0.236
3800.000	10.000	1328.125	0.163
3810.000	10.000	1328.125	0.163
3820.000	10.000	1328.125	0.163
3830.000	10.000	1351.562	0.159
3840.000	10.000	1351.562	0.159
3850.000	10.000	1351.562	0.159
3860.000	10.000	1339.844	0.158
3870.000	10.000	1339.844	0.158
3880.000	10.000	1339.844	0.158
3890.000	10.000	1330.078	0.179
3900.000	10.000	1330.078	0.179
3910.000	10.000	1330.078	0.179
3920.000	10.000	1326.172	0.240
3930.000	10.000	1326.172	0.240
3940.000	10.000	1326.172	0.240
3950.000	10.000	1394.531	0.203
3960.000	10.000	1394.531	0.203
3970.000	10.000	1394.531	0.203
3980.000	10.000	1363.281	0.190
3990.000	10.000	1363.281	0.190
4000.000	10.000	1363.281	0.190
4010.000	10.000	1394.531	0.268
4020.000	10.000	1394.531	0.268
4030.000	10.000	1394.531	0.268
4040.000	10.000	1375.000	0.201
4050.000	10.000	1375.000	0.201
4060.000	10.000	1375.000	0.201
4070.000	10.000	1402.344	0.201
4080.000	10.000	1402.344	0.201
4090.000	10.000	1402.344	0.201
4100.000	10.000	1414.062	0.204
4110.000	10.000	1414.062	0.204
4120.000	10.000	1414.062	0.204
4130.000	10.000	1429.687	0.207
4140.000	10.000	1429.687	0.207
4150.000	10.000	1429.687	0.207
4160.000	10.000	1425.781	0.185
4170.000	10.000	1425.781	0.185
4180.000	10.000	1425.781	0.185
4190.000	10.000	1441.406	0.227
4200.000	10.000	1441.406	0.227
4210.000	10.000	1441.406	0.227
4220.000	10.000	1470.703	0.182
4230.000	10.000	1470.703	0.182
4240.000	10.000	1470.703	0.182
4250.000	10.000	1460.937	0.230
4260.000	10.000	1460.937	0.230
4270.000	10.000	1460.937	0.230
4280.000	10.000	1470.703	0.213
4290.000	10.000	1470.703	0.213
4300.000	10.000	1470.703	0.213
4310.000	10.000	1474.609	0.170
4320.000	10.000	1474.609	0.170
4330.000	10.000	1474.609	0.170
4340.000	10.000	1466.797	0.236
4350.000	10.000	1466.797	0.236
4360.000	10.000	1466.797	0.236
4370.000	10.000	1482.422	0.181
4380.000	10.000	1482.422	0.181
4390.000	10.000	1482.422	0.181
4400.000	10.000	1500.000	0.360
4410.000	10.000	1500.000	0.360
4420.000	10.000	1500.000	0.360
4430.000	10.000	1521.484	0.404
4440.000	10.000	1521.484	0.404
4450.000	10.000	1521.484	0.404
4460.000	10.000	1517.578	0.216
4470.000	10.000	1517.578	0.216
4480.000	10.000	1517.578	0.216
4490.000	10.000	1513.672	0.224
4500.000	10.000	1513.672	0.224
4510.000	10.000	1513.672	0.224
4520.000	10.000	1531.250	0.155
4530.000	10.000	1531.250	0.155
4540.000	10.000	1531.250	0.155
4550.000	10.000	1546.875	0.177
4560.000	10.000	1546.875	0.177
4570.000	10.000	1546.875	0.177
4580.000	10.000	1554.687	0.262
4590.000	10.000	1554.687	0.262
4600.000	10.000	1554.687	0.262
4610.000	10.000	1578.125	0.212
4620.000	10.000	1578.125	0.212
4630.000	10.000	1578.125	0.212
4640.000	10.000	1572.266	0.186
4650.000	10.000	1572.266	0.186
4660.000	10.000	1572.266	0.186
4670.000	10.000	1572.266	0.196
4680.000	10.000	1572.266	0.196
4690.000	10.000	1572.266	0.196
4700.000	10.000	1570.312	0.197
4710.000	10.000	1570.312	0.197
4720.000	10.000	1570.312	0.197
4730.000	10.000	1593.750	0.343
4740.000	10.000	1593.750	0.343
4750.000	10.000	1593.750	0.343
4760.000	10.000	1591.797	0.229
4770.000	10.000	1591.797	0.229
4780.000	10.000	1591.797	0.229
4790.000	10.000	1611.328	0.192
4800.000	10.000	1611.328	0.192
4810.000	10.000	1611.328	0.192
4820.000	10.000	1605.469	0.170
4830.000	10.000	1605.469	0.170
4840.000	10.000	1605.469	0.170
4850.000	10.000	1626.953	0.151
4860.000	10.000	1626.953	0.151
4870.000	10.000	1626.953	0.151
4880.000	10.000	1625.000	0.190
4890.000	10.000	1625.000	0.190
4900.000	10.000	1625.000	0.190
4910.000	10.000	1660.156	0.157
4920.000	10.000	1660.156	0.157
4930.000	10.000	1660.156	0.157
4940.000	10.000	1652.344	0.238
4950.000	10.000	1652.344	0.238
4960.000	10.000	1652.344	0.238
4970.000	10.000	1675.781	0.228
4980.000	10.000	1675.781	0.228
4990.000	10.000	1675.781	0.228
5000.000	10.000	1683.594	0.312
5010.000	10.000	1683.594	0.312
5020.000	10.000	1683.594	0.312
5030.000	10.000	1677.734	0.308
5040.000	10.000	1677.734	0.308
5050.000	10.000	1677.734	0.308
5060.000	10.000	1687.500	0.226
5070.000	10.000	1687.500	0.226
5080.000	10.000	1687.500	0.226
5090.000	10.000	1685.547	0.210
5100.000	10.000	1685.547	0.210
5110.000	10.000	1685.547	0.210
5120.000	10.000	1662.109	0.170
5130.000	10.000	1662.109	0.170
5140.000	10.000	1662.109	0.170
5150.000	10.000	1708.984	0.196
5160.000	10.000	1708.984	0.196
5170.000	10.000	1708.984	0.196
5180.000	10.000	1710.937	0.167
5190.000	10.000	1710.937	0.167
5200.000	10.000	1710.937	0.167
5210.000	10.000	1699.219	0.329
5220.000	10.000	1699.219	0.329
5230.000	10.000	1699.219	0.329
5240.000	10.000	1755.859	0.188
5250.000	10.000	1755.859	0.188
5260.000	10.000	1755.859	0.188
5270.000	10.000	1740.234	0.182
5280.000	10.000	1740.234	0.182
5290.000	10.000	1740.234	0.182
5300.000	10.000	1728.516	0.229
5310.000	10.000	1728.516	0.229
5320.000	10.000	1728.516	0.229
5330.000	10.000	1775.391	0.175
5340.000	10.000	1775.391	0.175
5350.000	10.000	1775.391	0.175
5360.000	10.000	1769.531	0.207
5370.000	10.000	1769.531	0.207
5380.000	10.000	1769.531	0.207
5390.000	10.000	1769.531	0.156
5400.000	10.000	1769.531	0.156
5410.000	10.000	1769.531	0.156
5420.000	10.000	1781.250	0.177
5430.000	10.000	1781.250	0.177
5440.000	10.000	1781.250	0.177
5450.000	10.000	1787.109	0.310
5460.000	10.000	1787.109	0.310
5470.000	10.000	1787.109	0.310
5480.000	10.000	1787.109	0.187
5490.000	10.000	1787.109	0.187
5500.000	10.000	1787.109	0.187
5510.000	10.000	1814.453	0.224
5520.000	10.000	1814.453	0.224
5530.000	10.000	1814.453	0.224
5540.000	10.000	1806.641	0.218
5550.000	10.000	1806.641	0.218
5560.000	10.000	1806.641	0.218
5570.000	10.000	1843.750	0.135
5580.000	10.000	1843.750	0.135
5590.000	10.000	1843.750	0.135
5600.000	10.000	1833.984	0.262
5610.000	10.000	1833.984	0.262
5620.000	10.000	1833.984	0.262
5630.000	10.000	1832.031	0.199
5640.000	10.000	1832.031	0.199
5650.000	10.000	1832.031	0.199
5660.000	10.000	1843.750	0.107
5670.000	10.000	1843.750	0.107
5680.000	10.000	1843.750	0.107
5690.000	10.000	1861.328	0.231
5700.000	10.000	1861.328	0.231
5710.000	10.000	1861.328	0.231
5720.000	10.000	1820.312	0.181
5730.000	10.000	1820.312	0.181
5740.000	10.000	1820.312	0.181
5750.000	10.000	1900.391	0.184
5760.000	10.000	1900.391	0.184
5770.000	10.000	1900.391	0.184
5780.000	10.000	1873.047	0.189
5790.000	10.000	1873.047	0.189
5800.000	10.000	1873.047	0.189
5810.000	10.000	1888.672	0.220
5820.000	10.000	1888.672	0.220
5830.000	10.000	1888.672	0.220
5840.000	10.000	1878.906	0.215
5850.000	10.000	1878.906	0.215
5860.000	10.000	1878.906	0.215
5870.000	10.000	1908.203	0.199
5880.000	10.000	1908.203	0.199
5890.000	10.000	1908.203	0.199
5900.000	10.000	1898.437	0.316
5910.000	10.000	1898.437	0.316
5920.000	10.000	1898.437	0.316
5930.000	10.000	1898.437	0.271
5940.000	10.000	1898.437	0.271
5950.000	10.000	1898.437	0.271
5960.000	10.000	1910.156	0.211
5970.000	10.000	1910.156	0.211
5980.000	10.000	1910.156	0.211
5990.000	10.000	1931.641	0.168
6000.000	10.000	1931.641	0.168
6010.000	10.000	1931.641	0.168
6020.000	10.000	1925.781	0.374
6030.000	10.000	1925.781	0.374
6040.000	10.000	1925.781	0.374
6050.000	10.000	1916.016	0.214
6060.000	10.000	1916.016	0.214
6070.000	10.000	1916.016	0.214
6080.000	10.000	1966.797	0.220
6090.000	10.000	1966.797	0.220
6100.000	10.000	1966.797	0.220
6110.000	10.000	1939.453	0.003
6120.000	10.000	1939.453	0.003
6130.000	10.000	1939.453	0.003
6140.000	10.000	1917.969	-0.020
6150.000	10.000	1917.969	-0.020
6160.000	10.000	1917.969	-0.020
6170.000	10.000	1910.156	-0.042
6180.000	10.000	1910.156	-0.042
6190.000	10.000	1910.156	-0.042
6200.000	10.000	1919.922	-0.050
6210.000	10.000	1919.922	-0.050
6220.000	10.000	1919.922	-0.050
6230.000	10.000	1902.344	0.065
6240.000	10.000	1902.344	0.065
6250.000	10.000	1902.344	0.065
6260.000	10.000	1892.578	0.100
6270.000	10.000	1892.578	0.100
6280.000	10.000	1892.578	0.100
6290.000	10.000	1892.578	0.024
6300.000	10.000	1892.578	0.024
6310.000	10.000	1892.578	0.024
6320.000	10.000	1894.531	-0.023
6330.000	10.000	1894.531	-0.023
6340.000	10.000	1894.531	-0.023
6350.000	10.000	1853.516	-0.018
6360.000	10.000	1853.516	-0.018
6370.000	10.000	1853.516	-0.018
6380.000	10.000	1865.234	0.064
6390.000	10.000	1865.234	0.064
6400.000	10.000	1865.234	0.064
6410.000	10.000	1820.312	-0.038
6420.000	10.000	1820.312	-0.038
6430.000	10.000	1820.312	-0.038
6440.000	10.000	1839.844	-0.038
6450.000	10.000	1839.844	-0.038
6460.000	10.000	1839.844	-0.038
6470.000	10.000	1814.453	0.061
6480.000	10.000	1814.453	0.061
6490.000	10.000	1814.453	0.061
6500.000	10.000	1792.969	-0.030
6510.000	10.000	1792.969	-0.030
6520.000	10.000	1792.969	-0.030
6530.000	10.000	1775.391	0.011
6540.000	10.000	1775.391	0.011
6550.000	10.000	1775.391	0.011
6560.000	10.000	1775.391	0.021
6570.000	10.000	1775.391	0.021
6580.000	10.000	1775.391	0.021
6590.000	10.000	1767.578	0.063
6600.000	10.000	1767.578	0.063
6610.000	10.000	1767.578	0.063
6620.000	10.000	1748.047	0.062
6630.000	10.000	1748.047	0.062
6640.000	10.000	1748.047	0.062
6650.000	10.000	1746.094	-0.061
6660.000	10.000	1746.094	-0.061
6670.000	10.000	1746.094	-0.061
6680.000	10.000	1726.562	-0.042
6690.000	10.000	1726.562	-0.042
6700.000	10.000	1726.562	-0.042
6710.000	10.000	1722.656	-0.040
6720.000	10.000	1722.656	-0.040
6730.000	10.000	1722.656	-0.040
6740.000	10.000	1667.969	0.080
6750.000	10.000	1667.969	0.080
6760.000	10.000	1667.969	0.080
6770.000	10.000	1693.359	0.020
6780.000	10.000	1693.359	0.020
6790.000	10.000	1693.359	0.020
6800.000	10.000	1660.156	0.087
6810.000	10.000	1660.156	0.087
6820.000	10.000	1660.156	0.087
6830.000	10.000	1671.875	-0.041
6840.000	10.000	1671.875	-0.041
6850.000	10.000	1671.875	-0.041
6860.000	10.000	1664.062	-0.053
6870.000	10.000	1664.062	-0.053
6880.000	10.000	1664.062	-0.053
6890.000	10.000	1640.625	-0.022
6900.000	10.000	1640.625	-0.022
6910.000	10.000	1640.625	-0.022
6920.000	10.000	1632.812	-0.002
6930.000	10.000	1632.812	-0.002
6940.000	10.000	1632.812	-0.002
6950.000	10.000	1621.094	0.028
6960.000	10.000	1621.094	0.028
6970.000	10.000	1621.094	0.028
6980.000	10.000	1601.562	-0.046
6990.000	10.000	1601.562	-0.046
7000.000	10.000	1601.562	-0.046
7010.000	10.000	1580.078	0.022
7020.000	10.000	1580.078	0.022
