%Time [ms]	Commanded Torque [mNm]	Angular Velocity [RPM]	Actual Current [Amp]	%3/17/202011:34 AM
0.000	0.000	0.000	0.000
20.000	13.000	11.719	-0.007
30.000	13.000	7.812	-0.012
40.000	13.000	7.812	-0.012
50.000	13.000	7.812	-0.012
60.000	13.000	9.766	-0.007
70.000	13.000	9.766	-0.007
80.000	13.000	9.766	-0.007
90.000	13.000	5.859	-0.021
100.000	13.000	5.859	-0.021
110.000	13.000	5.859	-0.021
120.000	13.000	39.062	-0.011
130.000	13.000	39.062	-0.011
140.000	13.000	39.062	-0.011
150.000	13.000	0.000	0.008
160.000	13.000	0.000	0.008
170.000	13.000	0.000	0.008
180.000	13.000	-5.859	-0.001
190.000	13.000	-5.859	-0.001
200.000	13.000	-5.859	-0.001
210.000	13.000	11.719	0.003
220.000	13.000	11.719	0.003
230.000	13.000	11.719	0.003
240.000	13.000	0.000	-0.007
250.000	13.000	0.000	-0.007
260.000	13.000	0.000	-0.007
270.000	13.000	5.859	-0.013
280.000	13.000	5.859	-0.013
290.000	13.000	5.859	-0.013
300.000	13.000	13.672	-0.026
310.000	13.000	13.672	-0.026
320.000	13.000	13.672	-0.026
330.000	13.000	-3.906	-0.012
340.000	13.000	-3.906	-0.012
350.000	13.000	-3.906	-0.012
360.000	13.000	5.859	-0.013
370.000	13.000	5.859	-0.013
380.000	13.000	5.859	-0.013
390.000	13.000	0.000	-0.005
400.000	13.000	0.000	-0.005
410.000	13.000	0.000	-0.005
420.000	13.000	15.625	0.003
430.000	13.000	15.625	0.003
440.000	13.000	15.625	0.003
450.000	13.000	7.812	-0.024
460.000	13.000	7.812	-0.024
470.000	13.000	7.812	-0.024
480.000	13.000	13.672	-0.012
490.000	13.000	13.672	-0.012
500.000	13.000	13.672	-0.012
510.000	13.000	21.484	-0.020
520.000	13.000	21.484	-0.020
530.000	13.000	21.484	-0.020
540.000	13.000	9.766	0.012
550.000	13.000	9.766	0.012
560.000	13.000	9.766	0.012
570.000	13.000	9.766	0.003
580.000	13.000	9.766	0.003
590.000	13.000	9.766	0.003
600.000	13.000	0.000	-0.016
610.000	13.000	0.000	-0.016
620.000	13.000	0.000	-0.016
630.000	13.000	3.906	-0.010
640.000	13.000	3.906	-0.010
650.000	13.000	3.906	-0.010
660.000	13.000	13.672	-0.008
670.000	13.000	13.672	-0.008
680.000	13.000	13.672	-0.008
690.000	13.000	21.484	0.018
700.000	13.000	21.484	0.018
710.000	13.000	21.484	0.018
720.000	13.000	-23.437	0.003
730.000	13.000	-23.437	0.003
740.000	13.000	-23.437	0.003
750.000	13.000	13.672	-0.011
760.000	13.000	13.672	-0.011
770.000	13.000	13.672	-0.011
780.000	13.000	5.859	-0.005
790.000	13.000	5.859	-0.005
800.000	13.000	5.859	-0.005
810.000	13.000	7.812	-0.004
820.000	13.000	7.812	-0.004
830.000	13.000	7.812	-0.004
840.000	13.000	-25.391	0.001
850.000	13.000	-25.391	0.001
860.000	13.000	-25.391	0.001
870.000	13.000	-3.906	-0.001
880.000	13.000	-3.906	-0.001
890.000	13.000	-3.906	-0.001
900.000	13.000	11.719	-0.011
910.000	13.000	11.719	-0.011
920.000	13.000	11.719	-0.011
930.000	13.000	11.719	-0.002
940.000	13.000	11.719	-0.002
950.000	13.000	11.719	-0.002
960.000	13.000	9.766	-0.003
970.000	13.000	9.766	-0.003
980.000	13.000	9.766	-0.003
990.000	13.000	3.906	-0.001
1000.000	13.000	3.906	-0.001
1010.000	13.000	3.906	-0.001
1020.000	13.000	7.812	0.000
1030.000	13.000	7.812	0.000
1040.000	13.000	7.812	0.000
1050.000	13.000	-27.344	0.005
1060.000	13.000	-27.344	0.005
1070.000	13.000	-27.344	0.005
1080.000	13.000	17.578	-0.005
1090.000	13.000	17.578	-0.005
1100.000	13.000	17.578	-0.005
1110.000	13.000	66.406	0.388
1120.000	13.000	66.406	0.388
1130.000	13.000	66.406	0.388
1140.000	13.000	9.766	0.396
1150.000	13.000	9.766	0.396
1160.000	13.000	9.766	0.396
1170.000	13.000	33.203	0.402
1180.000	13.000	33.203	0.402
1190.000	13.000	33.203	0.402
1200.000	13.000	66.406	0.384
1210.000	13.000	66.406	0.384
1220.000	13.000	66.406	0.384
1230.000	13.000	107.422	0.395
1240.000	13.000	107.422	0.395
1250.000	13.000	107.422	0.395
1260.000	13.000	146.484	0.347
1270.000	13.000	146.484	0.347
1280.000	13.000	146.484	0.347
1290.000	13.000	140.625	0.406
1300.000	13.000	140.625	0.406
1310.000	13.000	140.625	0.406
1320.000	13.000	199.219	0.397
1330.000	13.000	199.219	0.397
1340.000	13.000	199.219	0.397
1350.000	13.000	210.937	0.368
1360.000	13.000	210.937	0.368
1370.000	13.000	210.937	0.368
1380.000	13.000	255.859	0.238
1390.000	13.000	255.859	0.238
1400.000	13.000	255.859	0.238
1410.000	13.000	322.266	0.404
1420.000	13.000	322.266	0.404
1430.000	13.000	322.266	0.404
1440.000	13.000	306.641	0.389
1450.000	13.000	306.641	0.389
1460.000	13.000	306.641	0.389
1470.000	13.000	333.984	0.418
1480.000	13.000	333.984	0.418
1490.000	13.000	333.984	0.418
1500.000	13.000	367.187	0.434
1510.000	13.000	367.187	0.434
1520.000	13.000	367.187	0.434
1530.000	13.000	410.156	0.425
1540.000	13.000	410.156	0.425
1550.000	13.000	410.156	0.425
1560.000	13.000	423.828	0.394
1570.000	13.000	423.828	0.394
1580.000	13.000	423.828	0.394
1590.000	13.000	443.359	0.394
1600.000	13.000	443.359	0.394
1610.000	13.000	443.359	0.394
1620.000	13.000	476.562	0.417
1630.000	13.000	476.562	0.417
1640.000	13.000	476.562	0.417
1650.000	13.000	494.141	0.427
1660.000	13.000	494.141	0.427
1670.000	13.000	494.141	0.427
1680.000	13.000	478.516	0.293
1690.000	13.000	478.516	0.293
1700.000	13.000	478.516	0.293
1710.000	13.000	558.594	0.434
1720.000	13.000	558.594	0.434
1730.000	13.000	558.594	0.434
1740.000	13.000	570.312	0.383
1750.000	13.000	570.312	0.383
1760.000	13.000	570.312	0.383
1770.000	13.000	607.422	0.444
1780.000	13.000	607.422	0.444
1790.000	13.000	607.422	0.444
1800.000	13.000	621.094	0.270
1810.000	13.000	621.094	0.270
1820.000	13.000	621.094	0.270
1830.000	13.000	660.156	0.289
1840.000	13.000	660.156	0.289
1850.000	13.000	660.156	0.289
1860.000	13.000	667.969	0.438
1870.000	13.000	667.969	0.438
1880.000	13.000	667.969	0.438
1890.000	13.000	714.844	0.371
1900.000	13.000	714.844	0.371
1910.000	13.000	714.844	0.371
1920.000	13.000	736.328	0.420
1930.000	13.000	736.328	0.420
1940.000	13.000	736.328	0.420
1950.000	13.000	787.109	0.451
1960.000	13.000	787.109	0.451
1970.000	13.000	787.109	0.451
1980.000	13.000	751.953	0.422
1990.000	13.000	751.953	0.422
2000.000	13.000	751.953	0.422
2010.000	13.000	849.609	0.384
2020.000	13.000	849.609	0.384
2030.000	13.000	849.609	0.384
2040.000	13.000	830.078	0.450
2050.000	13.000	830.078	0.450
2060.000	13.000	830.078	0.450
2070.000	13.000	865.234	0.244
2080.000	13.000	865.234	0.244
2090.000	13.000	865.234	0.244
2100.000	13.000	882.812	0.499
2110.000	13.000	882.812	0.499
2120.000	13.000	882.812	0.499
2130.000	13.000	900.391	0.388
2140.000	13.000	900.391	0.388
2150.000	13.000	900.391	0.388
2160.000	13.000	906.250	0.323
2170.000	13.000	906.250	0.323
2180.000	13.000	906.250	0.323
2190.000	13.000	964.844	0.358
2200.000	13.000	964.844	0.358
2210.000	13.000	964.844	0.358
2220.000	13.000	996.094	0.371
2230.000	13.000	996.094	0.371
2240.000	13.000	996.094	0.371
2250.000	13.000	1013.672	0.361
2260.000	13.000	1013.672	0.361
2270.000	13.000	1013.672	0.361
2280.000	13.000	1041.016	0.360
2290.000	13.000	1041.016	0.360
2300.000	13.000	1041.016	0.360
2310.000	13.000	1064.453	0.433
2320.000	13.000	1064.453	0.433
2330.000	13.000	1064.453	0.433
2340.000	13.000	1093.750	0.399
2350.000	13.000	1093.750	0.399
2360.000	13.000	1093.750	0.399
2370.000	13.000	1119.141	0.378
2380.000	13.000	1119.141	0.378
2390.000	13.000	1119.141	0.378
2400.000	13.000	1154.297	0.468
2410.000	13.000	1154.297	0.468
2420.000	13.000	1154.297	0.468
2430.000	13.000	1164.062	0.558
2440.000	13.000	1164.062	0.558
2450.000	13.000	1164.062	0.558
2460.000	13.000	1201.172	0.500
2470.000	13.000	1201.172	0.500
2480.000	13.000	1201.172	0.500
2490.000	13.000	1199.219	0.393
2500.000	13.000	1199.219	0.393
2510.000	13.000	1199.219	0.393
2520.000	13.000	1253.906	0.505
2530.000	13.000	1253.906	0.505
2540.000	13.000	1253.906	0.505
2550.000	13.000	1265.625	0.302
2560.000	13.000	1265.625	0.302
2570.000	13.000	1265.625	0.302
2580.000	13.000	1287.109	0.490
2590.000	13.000	1287.109	0.490
2600.000	13.000	1287.109	0.490
2610.000	13.000	1335.937	0.335
2620.000	13.000	1335.937	0.335
2630.000	13.000	1335.937	0.335
2640.000	13.000	1298.828	0.397
2650.000	13.000	1298.828	0.397
2660.000	13.000	1298.828	0.397
2670.000	13.000	1396.484	0.426
2680.000	13.000	1396.484	0.426
2690.000	13.000	1396.484	0.426
2700.000	13.000	1392.578	0.367
2710.000	13.000	1392.578	0.367
2720.000	13.000	1392.578	0.367
2730.000	13.000	1410.156	0.449
2740.000	13.000	1410.156	0.449
2750.000	13.000	1410.156	0.449
2760.000	13.000	1437.500	0.549
2770.000	13.000	1437.500	0.549
2780.000	13.000	1437.500	0.549
2790.000	13.000	1507.812	0.449
2800.000	13.000	1507.812	0.449
2810.000	13.000	1507.812	0.449
2820.000	13.000	1484.375	0.334
2830.000	13.000	1484.375	0.334
2840.000	13.000	1484.375	0.334
2850.000	13.000	1445.312	0.385
2860.000	13.000	1445.312	0.385
2870.000	13.000	1445.312	0.385
2880.000	13.000	1535.156	0.391
2890.000	13.000	1535.156	0.391
2900.000	13.000	1535.156	0.391
2910.000	13.000	1560.547	0.329
2920.000	13.000	1560.547	0.329
2930.000	13.000	1560.547	0.329
2940.000	13.000	1593.750	0.378
2950.000	13.000	1593.750	0.378
2960.000	13.000	1593.750	0.378
2970.000	13.000	1580.078	0.418
2980.000	13.000	1580.078	0.418
2990.000	13.000	1580.078	0.418
3000.000	13.000	1642.578	0.336
3010.000	13.000	1642.578	0.336
3020.000	13.000	1642.578	0.336
3030.000	13.000	1648.437	0.566
3040.000	13.000	1648.437	0.566
3050.000	13.000	1648.437	0.566
3060.000	13.000	1662.109	0.271
3070.000	13.000	1662.109	0.271
3080.000	13.000	1662.109	0.271
3090.000	13.000	1689.453	0.521
3100.000	13.000	1689.453	0.521
3110.000	13.000	1689.453	0.521
3120.000	13.000	1703.125	0.360
3130.000	13.000	1703.125	0.360
3140.000	13.000	1703.125	0.360
3150.000	13.000	1740.234	0.417
3160.000	13.000	1740.234	0.417
3170.000	13.000	1740.234	0.417
3180.000	13.000	1767.578	0.396
3190.000	13.000	1767.578	0.396
3200.000	13.000	1767.578	0.396
3210.000	13.000	1791.016	0.369
3220.000	13.000	1791.016	0.369
3230.000	13.000	1791.016	0.369
3240.000	13.000	1810.547	0.363
3250.000	13.000	1810.547	0.363
3260.000	13.000	1810.547	0.363
3270.000	13.000	1847.656	0.373
3280.000	13.000	1847.656	0.373
3290.000	13.000	1847.656	0.373
3300.000	13.000	1849.609	0.325
3310.000	13.000	1849.609	0.325
3320.000	13.000	1849.609	0.325
3330.000	13.000	1898.437	0.343
3340.000	13.000	1898.437	0.343
3350.000	13.000	1898.437	0.343
3360.000	13.000	1931.641	0.349
3370.000	13.000	1931.641	0.349
3380.000	13.000	1931.641	0.349
3390.000	13.000	1933.594	0.183
3400.000	13.000	1933.594	0.183
3410.000	13.000	1933.594	0.183
3420.000	13.000	1933.594	0.335
3430.000	13.000	1933.594	0.335
3440.000	13.000	1933.594	0.335
3450.000	13.000	1978.516	0.309
3460.000	13.000	1978.516	0.309
3470.000	13.000	1978.516	0.309
3480.000	13.000	2039.062	0.185
3490.000	13.000	2039.062	0.185
3500.000	13.000	2039.062	0.185
3510.000	13.000	1980.469	0.359
3520.000	13.000	1980.469	0.359
3530.000	13.000	1980.469	0.359
3540.000	13.000	2023.437	0.316
3550.000	13.000	2023.437	0.316
3560.000	13.000	2023.437	0.316
3570.000	13.000	2035.156	0.356
3580.000	13.000	2035.156	0.356
3590.000	13.000	2035.156	0.356
3600.000	13.000	2080.078	0.323
3610.000	13.000	2080.078	0.323
3620.000	13.000	2080.078	0.323
3630.000	13.000	2101.562	0.349
3640.000	13.000	2101.562	0.349
3650.000	13.000	2101.562	0.349
3660.000	13.000	2095.703	0.578
3670.000	13.000	2095.703	0.578
3680.000	13.000	2095.703	0.578
3690.000	13.000	2177.734	0.319
3700.000	13.000	2177.734	0.319
3710.000	13.000	2177.734	0.319
3720.000	13.000	2183.594	0.396
3730.000	13.000	2183.594	0.396
3740.000	13.000	2183.594	0.396
3750.000	13.000	2208.984	0.445
3760.000	13.000	2208.984	0.445
3770.000	13.000	2208.984	0.445
3780.000	13.000	2216.797	0.363
3790.000	13.000	2216.797	0.363
3800.000	13.000	2216.797	0.363
3810.000	13.000	2205.078	0.565
3820.000	13.000	2205.078	0.565
3830.000	13.000	2205.078	0.565
3840.000	13.000	2279.297	0.345
3850.000	13.000	2279.297	0.345
3860.000	13.000	2279.297	0.345
3870.000	13.000	2296.875	0.380
3880.000	13.000	2296.875	0.380
3890.000	13.000	2296.875	0.380
3900.000	13.000	2267.578	0.344
3910.000	13.000	2267.578	0.344
3920.000	13.000	2267.578	0.344
3930.000	13.000	2312.500	0.376
3940.000	13.000	2312.500	0.376
3950.000	13.000	2312.500	0.376
3960.000	13.000	2328.125	0.654
3970.000	13.000	2328.125	0.654
3980.000	13.000	2328.125	0.654
3990.000	13.000	2365.234	0.456
4000.000	13.000	2365.234	0.456
4010.000	13.000	2365.234	0.456
4020.000	13.000	2402.344	0.302
4030.000	13.000	2402.344	0.302
4040.000	13.000	2402.344	0.302
4050.000	13.000	2412.109	0.310
4060.000	13.000	2412.109	0.310
4070.000	13.000	2412.109	0.310
4080.000	13.000	2421.875	0.495
4090.000	13.000	2421.875	0.495
4100.000	13.000	2421.875	0.495
4110.000	13.000	2458.984	0.331
4120.000	13.000	2458.984	0.331
4130.000	13.000	2458.984	0.331
4140.000	13.000	2449.219	0.245
4150.000	13.000	2449.219	0.245
4160.000	13.000	2449.219	0.245
4170.000	13.000	2501.953	0.346
4180.000	13.000	2501.953	0.346
4190.000	13.000	2501.953	0.346
4200.000	13.000	2501.953	0.430
4210.000	13.000	2501.953	0.430
4220.000	13.000	2501.953	0.430
4230.000	13.000	2558.594	0.292
4240.000	13.000	2558.594	0.292
4250.000	13.000	2558.594	0.292
4260.000	13.000	2546.875	0.368
4270.000	13.000	2546.875	0.368
4280.000	13.000	2546.875	0.368
4290.000	13.000	2574.219	0.266
4300.000	13.000	2574.219	0.266
4310.000	13.000	2574.219	0.266
4320.000	13.000	2589.844	0.368
4330.000	13.000	2589.844	0.368
4340.000	13.000	2589.844	0.368
4350.000	13.000	2583.984	0.320
4360.000	13.000	2583.984	0.320
4370.000	13.000	2583.984	0.320
4380.000	13.000	2623.047	0.282
4390.000	13.000	2623.047	0.282
4400.000	13.000	2623.047	0.282
4410.000	13.000	2623.047	0.413
4420.000	13.000	2623.047	0.413
4430.000	13.000	2623.047	0.413
4440.000	13.000	2605.469	0.395
4450.000	13.000	2605.469	0.395
4460.000	13.000	2605.469	0.395
4470.000	13.000	2646.484	0.270
4480.000	13.000	2646.484	0.270
4490.000	13.000	2646.484	0.270
4500.000	13.000	2667.969	0.232
4510.000	13.000	2667.969	0.232
4520.000	13.000	2667.969	0.232
4530.000	13.000	2685.547	0.296
4540.000	13.000	2685.547	0.296
4550.000	13.000	2685.547	0.296
4560.000	13.000	2687.500	0.387
4570.000	13.000	2687.500	0.387
4580.000	13.000	2687.500	0.387
4590.000	13.000	2693.359	0.196
4600.000	13.000	2693.359	0.196
4610.000	13.000	2693.359	0.196
4620.000	13.000	2681.641	0.354
4630.000	13.000	2681.641	0.354
4640.000	13.000	2681.641	0.354
4650.000	13.000	2718.750	0.332
4660.000	13.000	2718.750	0.332
4670.000	13.000	2718.750	0.332
4680.000	13.000	2726.562	0.221
4690.000	13.000	2726.562	0.221
4700.000	13.000	2726.562	0.221
4710.000	13.000	2683.594	0.188
4720.000	13.000	2683.594	0.188
4730.000	13.000	2683.594	0.188
4740.000	13.000	2744.141	0.227
4750.000	13.000	2744.141	0.227
4760.000	13.000	2744.141	0.227
4770.000	13.000	2738.281	0.385
4780.000	13.000	2738.281	0.385
4790.000	13.000	2738.281	0.385
4800.000	13.000	2781.250	0.330
4810.000	13.000	2781.250	0.330
4820.000	13.000	2781.250	0.330
4830.000	13.000	2755.859	0.188
4840.000	13.000	2755.859	0.188
4850.000	13.000	2755.859	0.188
4860.000	13.000	2769.531	0.209
4870.000	13.000	2769.531	0.209
4880.000	13.000	2769.531	0.209
4890.000	13.000	2765.625	0.228
4900.000	13.000	2765.625	0.228
4910.000	13.000	2765.625	0.228
4920.000	13.000	2781.250	0.421
4930.000	13.000	2781.250	0.421
4940.000	13.000	2781.250	0.421
4950.000	13.000	2755.859	0.371
4960.000	13.000	2755.859	0.371
4970.000	13.000	2755.859	0.371
4980.000	13.000	2783.203	0.202
4990.000	13.000	2783.203	0.202
5000.000	13.000	2783.203	0.202
5010.000	13.000	2796.875	0.209
5020.000	13.000	2796.875	0.209
5030.000	13.000	2796.875	0.209
5040.000	13.000	2751.953	0.162
5050.000	13.000	2751.953	0.162
5060.000	13.000	2751.953	0.162
5070.000	13.000	2826.172	0.233
5080.000	13.000	2826.172	0.233
5090.000	13.000	2826.172	0.233
5100.000	13.000	2804.687	0.250
5110.000	13.000	2804.687	0.250
5120.000	13.000	2804.687	0.250
5130.000	13.000	2808.594	0.120
5140.000	13.000	2808.594	0.120
5150.000	13.000	2808.594	0.120
5160.000	13.000	2806.641	0.088
5170.000	13.000	2806.641	0.088
5180.000	13.000	2806.641	0.088
5190.000	13.000	2814.453	0.192
5200.000	13.000	2814.453	0.192
5210.000	13.000	2814.453	0.192
5220.000	13.000	2833.984	0.111
5230.000	13.000	2833.984	0.111
5240.000	13.000	2833.984	0.111
5250.000	13.000	2845.703	0.377
5260.000	13.000	2845.703	0.377
5270.000	13.000	2845.703	0.377
5280.000	13.000	2845.703	0.167
5290.000	13.000	2845.703	0.167
5300.000	13.000	2845.703	0.167
5310.000	13.000	2832.031	0.238
5320.000	13.000	2832.031	0.238
5330.000	13.000	2832.031	0.238
5340.000	13.000	2824.219	0.153
5350.000	13.000	2824.219	0.153
5360.000	13.000	2824.219	0.153
5370.000	13.000	2851.562	0.146
5380.000	13.000	2851.562	0.146
5390.000	13.000	2851.562	0.146
5400.000	13.000	2816.406	0.222
5410.000	13.000	2816.406	0.222
5420.000	13.000	2816.406	0.222
5430.000	13.000	2863.281	0.180
5440.000	13.000	2863.281	0.180
5450.000	13.000	2863.281	0.180
5460.000	13.000	2869.141	0.237
5470.000	13.000	2869.141	0.237
5480.000	13.000	2869.141	0.237
5490.000	13.000	2859.375	0.191
5500.000	13.000	2859.375	0.191
5510.000	13.000	2859.375	0.191
5520.000	13.000	2876.953	0.192
5530.000	13.000	2876.953	0.192
5540.000	13.000	2876.953	0.192
5550.000	13.000	2863.281	0.187
5560.000	13.000	2863.281	0.187
5570.000	13.000	2863.281	0.187
5580.000	13.000	2917.969	0.429
5590.000	13.000	2917.969	0.429
5600.000	13.000	2917.969	0.429
5610.000	13.000	2888.672	0.216
5620.000	13.000	2888.672	0.216
5630.000	13.000	2888.672	0.216
5640.000	13.000	2878.906	0.286
5650.000	13.000	2878.906	0.286
5660.000	13.000	2878.906	0.286
5670.000	13.000	2884.766	0.282
5680.000	13.000	2884.766	0.282
5690.000	13.000	2884.766	0.282
5700.000	13.000	2892.578	0.176
5710.000	13.000	2892.578	0.176
5720.000	13.000	2892.578	0.176
5730.000	13.000	2900.391	0.139
5740.000	13.000	2900.391	0.139
5750.000	13.000	2900.391	0.139
5760.000	13.000	2902.344	0.139
5770.000	13.000	2902.344	0.139
5780.000	13.000	2902.344	0.139
5790.000	13.000	2898.437	0.128
5800.000	13.000	2898.437	0.128
5810.000	13.000	2898.437	0.128
5820.000	13.000	2906.250	0.184
5830.000	13.000	2906.250	0.184
5840.000	13.000	2906.250	0.184
5850.000	13.000	2925.781	0.095
5860.000	13.000	2925.781	0.095
5870.000	13.000	2925.781	0.095
5880.000	13.000	2900.391	0.074
5890.000	13.000	2900.391	0.074
5900.000	13.000	2900.391	0.074
5910.000	13.000	2923.828	0.227
5920.000	13.000	2923.828	0.227
5930.000	13.000	2923.828	0.227
5940.000	13.000	2943.359	0.167
5950.000	13.000	2943.359	0.167
5960.000	13.000	2943.359	0.167
5970.000	13.000	2902.344	0.248
5980.000	13.000	2902.344	0.248
5990.000	13.000	2902.344	0.248
6000.000	13.000	2904.297	0.205
6010.000	13.000	2904.297	0.205
6020.000	13.000	2904.297	0.205
6030.000	13.000	2929.687	0.202
6040.000	13.000	2929.687	0.202
6050.000	13.000	2929.687	0.202
6060.000	13.000	2945.312	0.182
6070.000	13.000	2945.312	0.182
6080.000	13.000	2945.312	0.182
6090.000	13.000	2914.062	0.184
6100.000	13.000	2914.062	0.184
6110.000	13.000	2914.062	0.184
6120.000	13.000	2951.172	0.081
6130.000	13.000	2951.172	0.081
6140.000	13.000	2951.172	0.081
6150.000	13.000	2923.828	0.062
6160.000	13.000	2923.828	0.062
6170.000	13.000	2923.828	0.062
6180.000	13.000	2941.406	0.037
6190.000	13.000	2941.406	0.037
6200.000	13.000	2941.406	0.037
6210.000	13.000	2908.203	-0.035
6220.000	13.000	2908.203	-0.035
6230.000	13.000	2908.203	-0.035
6240.000	13.000	2884.766	-0.003
6250.000	13.000	2884.766	-0.003
6260.000	13.000	2884.766	-0.003
6270.000	13.000	2882.812	0.001
6280.000	13.000	2882.812	0.001
6290.000	13.000	2882.812	0.001
6300.000	13.000	2861.328	-0.012
6310.000	13.000	2861.328	-0.012
6320.000	13.000	2861.328	-0.012
6330.000	13.000	2841.797	-0.088
6340.000	13.000	2841.797	-0.088
6350.000	13.000	2841.797	-0.088
6360.000	13.000	2828.125	0.006
6370.000	13.000	2828.125	0.006
6380.000	13.000	2828.125	0.006
6390.000	13.000	2771.484	-0.058
6400.000	13.000	2771.484	-0.058
6410.000	13.000	2771.484	-0.058
6420.000	13.000	2820.312	0.093
6430.000	13.000	2820.312	0.093
6440.000	13.000	2820.312	0.093
6450.000	13.000	2812.500	0.079
6460.000	13.000	2812.500	0.079
6470.000	13.000	2812.500	0.079
6480.000	13.000	2787.109	-0.025
6490.000	13.000	2787.109	-0.025
6500.000	13.000	2787.109	-0.025
6510.000	13.000	2785.156	-0.061
6520.000	13.000	2785.156	-0.061
6530.000	13.000	2785.156	-0.061
6540.000	13.000	2744.141	-0.050
6550.000	13.000	2744.141	-0.050
6560.000	13.000	2744.141	-0.050
6570.000	13.000	2724.609	-0.046
6580.000	13.000	2724.609	-0.046
6590.000	13.000	2724.609	-0.046
6600.000	13.000	2724.609	-0.055
6610.000	13.000	2724.609	-0.055
6620.000	13.000	2724.609	-0.055
6630.000	13.000	2751.953	0.041
6640.000	13.000	2751.953	0.041
6650.000	13.000	2751.953	0.041
6660.000	13.000	2695.312	0.088
6670.000	13.000	2695.312	0.088
6680.000	13.000	2695.312	0.088
6690.000	13.000	2666.016	-0.035
6700.000	13.000	2666.016	-0.035
6710.000	13.000	2666.016	-0.035
6720.000	13.000	2660.156	0.021
6730.000	13.000	2660.156	0.021
6740.000	13.000	2660.156	0.021
6750.000	13.000	2681.641	-0.016
6760.000	13.000	2681.641	-0.016
6770.000	13.000	2681.641	-0.016
6780.000	13.000	2636.719	0.043
6790.000	13.000	2636.719	0.043
6800.000	13.000	2636.719	0.043
6810.000	13.000	2632.812	0.023
6820.000	13.000	2632.812	0.023
6830.000	13.000	2632.812	0.023
6840.000	13.000	2603.516	-0.061
6850.000	13.000	2603.516	-0.061
6860.000	13.000	2603.516	-0.061
6870.000	13.000	2587.891	0.001
6880.000	13.000	2587.891	0.001
6890.000	13.000	2587.891	0.001
6900.000	13.000	2587.891	-0.024
6910.000	13.000	2587.891	-0.024
6920.000	13.000	2587.891	-0.024
6930.000	13.000	2572.266	0.023
6940.000	13.000	2572.266	0.023
6950.000	13.000	2572.266	0.023
6960.000	13.000	2542.969	0.059
6970.000	13.000	2542.969	0.059
6980.000	13.000	2542.969	0.059
6990.000	13.000	2564.453	-0.062
7000.000	13.000	2564.453	-0.062
7010.000	13.000	2564.453	-0.062
7020.000	13.000	2544.922	-0.055
