%Time [ms]	Commanded Torque [mNm]	Angular Velocity [RPM]	Actual Current [Amp]	%3/17/202011:33 AM
0.000	0.000	0.000	0.000
20.000	5.000	1.953	0.012
30.000	5.000	1.953	0.012
40.000	5.000	25.391	-0.013
50.000	5.000	25.391	-0.013
60.000	5.000	25.391	-0.013
70.000	5.000	-29.297	-0.030
80.000	5.000	-29.297	-0.030
90.000	5.000	-29.297	-0.030
100.000	5.000	7.812	0.009
110.000	5.000	7.812	0.009
120.000	5.000	7.812	0.009
130.000	5.000	19.531	0.010
140.000	5.000	19.531	0.010
150.000	5.000	19.531	0.010
160.000	5.000	23.437	-0.005
170.000	5.000	23.437	-0.005
180.000	5.000	23.437	-0.005
190.000	5.000	17.578	0.001
200.000	5.000	17.578	0.001
210.000	5.000	17.578	0.001
220.000	5.000	9.766	0.000
230.000	5.000	9.766	0.000
240.000	5.000	9.766	0.000
250.000	5.000	13.672	-0.010
260.000	5.000	13.672	-0.010
270.000	5.000	13.672	-0.010
280.000	5.000	15.625	-0.011
290.000	5.000	15.625	-0.011
300.000	5.000	15.625	-0.011
310.000	5.000	9.766	-0.014
320.000	5.000	9.766	-0.014
330.000	5.000	9.766	-0.014
340.000	5.000	11.719	-0.006
350.000	5.000	11.719	-0.006
360.000	5.000	11.719	-0.006
370.000	5.000	17.578	-0.025
380.000	5.000	17.578	-0.025
390.000	5.000	17.578	-0.025
400.000	5.000	0.000	0.006
410.000	5.000	0.000	0.006
420.000	5.000	0.000	0.006
430.000	5.000	11.719	-0.006
440.000	5.000	11.719	-0.006
450.000	5.000	11.719	-0.006
460.000	5.000	1.953	-0.035
470.000	5.000	1.953	-0.035
480.000	5.000	1.953	-0.035
490.000	5.000	31.250	-0.015
500.000	5.000	31.250	-0.015
510.000	5.000	31.250	-0.015
520.000	5.000	7.812	-0.005
530.000	5.000	7.812	-0.005
540.000	5.000	7.812	-0.005
550.000	5.000	-1.953	-0.003
560.000	5.000	-1.953	-0.003
570.000	5.000	-1.953	-0.003
580.000	5.000	1.953	-0.014
590.000	5.000	1.953	-0.014
600.000	5.000	1.953	-0.014
610.000	5.000	31.250	-0.007
620.000	5.000	31.250	-0.007
630.000	5.000	31.250	-0.007
640.000	5.000	9.766	-0.014
650.000	5.000	9.766	-0.014
660.000	5.000	9.766	-0.014
670.000	5.000	0.000	-0.004
680.000	5.000	0.000	-0.004
690.000	5.000	0.000	-0.004
700.000	5.000	33.203	-0.010
710.000	5.000	33.203	-0.010
720.000	5.000	33.203	-0.010
730.000	5.000	33.203	0.007
740.000	5.000	33.203	0.007
750.000	5.000	33.203	0.007
760.000	5.000	7.812	-0.010
770.000	5.000	7.812	-0.010
780.000	5.000	7.812	-0.010
790.000	5.000	5.859	-0.009
800.000	5.000	5.859	-0.009
810.000	5.000	5.859	-0.009
820.000	5.000	1.953	0.007
830.000	5.000	1.953	0.007
840.000	5.000	1.953	0.007
850.000	5.000	23.437	-0.021
860.000	5.000	23.437	-0.021
870.000	5.000	23.437	-0.021
880.000	5.000	15.625	0.001
890.000	5.000	15.625	0.001
900.000	5.000	15.625	0.001
910.000	5.000	-1.953	-0.012
920.000	5.000	-1.953	-0.012
930.000	5.000	-1.953	-0.012
940.000	5.000	37.109	-0.011
950.000	5.000	37.109	-0.011
960.000	5.000	37.109	-0.011
970.000	5.000	-1.953	-0.007
980.000	5.000	-1.953	-0.007
990.000	5.000	-1.953	-0.007
1000.000	5.000	5.859	0.015
1010.000	5.000	5.859	0.015
1020.000	5.000	5.859	0.015
1030.000	5.000	23.437	-0.012
1040.000	5.000	23.437	-0.012
1050.000	5.000	23.437	-0.012
1060.000	5.000	17.578	-0.009
1070.000	5.000	17.578	-0.009
1080.000	5.000	17.578	-0.009
1090.000	5.000	9.766	0.130
1100.000	5.000	9.766	0.130
1110.000	5.000	9.766	0.130
1120.000	5.000	0.000	0.157
1130.000	5.000	0.000	0.157
1140.000	5.000	0.000	0.157
1150.000	5.000	37.109	0.145
1160.000	5.000	37.109	0.145
1170.000	5.000	37.109	0.145
1180.000	5.000	9.766	0.147
1190.000	5.000	9.766	0.147
1200.000	5.000	9.766	0.147
1210.000	5.000	3.906	0.157
1220.000	5.000	3.906	0.157
1230.000	5.000	3.906	0.157
1240.000	5.000	35.156	0.148
1250.000	5.000	35.156	0.148
1260.000	5.000	35.156	0.148
1270.000	5.000	33.203	0.162
1280.000	5.000	33.203	0.162
1290.000	5.000	33.203	0.162
1300.000	5.000	50.781	0.150
1310.000	5.000	50.781	0.150
1320.000	5.000	50.781	0.150
1330.000	5.000	64.453	0.161
1340.000	5.000	64.453	0.161
1350.000	5.000	64.453	0.161
1360.000	5.000	60.547	0.168
1370.000	5.000	60.547	0.168
1380.000	5.000	60.547	0.168
1390.000	5.000	58.594	0.149
1400.000	5.000	58.594	0.149
1410.000	5.000	58.594	0.149
1420.000	5.000	60.547	0.149
1430.000	5.000	60.547	0.149
1440.000	5.000	60.547	0.149
1450.000	5.000	87.891	0.154
1460.000	5.000	87.891	0.154
1470.000	5.000	87.891	0.154
1480.000	5.000	123.047	0.156
1490.000	5.000	123.047	0.156
1500.000	5.000	123.047	0.156
1510.000	5.000	101.562	0.155
1520.000	5.000	101.562	0.155
1530.000	5.000	101.562	0.155
1540.000	5.000	113.281	0.151
1550.000	5.000	113.281	0.151
1560.000	5.000	113.281	0.151
1570.000	5.000	123.047	0.150
1580.000	5.000	123.047	0.150
1590.000	5.000	123.047	0.150
1600.000	5.000	123.047	0.143
1610.000	5.000	123.047	0.143
1620.000	5.000	123.047	0.143
1630.000	5.000	134.766	0.150
1640.000	5.000	134.766	0.150
1650.000	5.000	134.766	0.150
1660.000	5.000	117.187	0.152
1670.000	5.000	117.187	0.152
1680.000	5.000	117.187	0.152
1690.000	5.000	164.062	0.183
1700.000	5.000	164.062	0.183
1710.000	5.000	164.062	0.183
1720.000	5.000	134.766	0.160
1730.000	5.000	134.766	0.160
1740.000	5.000	134.766	0.160
1750.000	5.000	169.922	0.157
1760.000	5.000	169.922	0.157
1770.000	5.000	169.922	0.157
1780.000	5.000	171.875	0.172
1790.000	5.000	171.875	0.172
1800.000	5.000	171.875	0.172
1810.000	5.000	167.969	0.153
1820.000	5.000	167.969	0.153
1830.000	5.000	167.969	0.153
1840.000	5.000	187.500	0.156
1850.000	5.000	187.500	0.156
1860.000	5.000	187.500	0.156
1870.000	5.000	224.609	0.146
1880.000	5.000	224.609	0.146
1890.000	5.000	224.609	0.146
1900.000	5.000	205.078	0.138
1910.000	5.000	205.078	0.138
1920.000	5.000	205.078	0.138
1930.000	5.000	201.172	0.147
1940.000	5.000	201.172	0.147
1950.000	5.000	201.172	0.147
1960.000	5.000	228.516	0.171
1970.000	5.000	228.516	0.171
1980.000	5.000	228.516	0.171
1990.000	5.000	210.937	0.167
2000.000	5.000	210.937	0.167
2010.000	5.000	210.937	0.167
2020.000	5.000	230.469	0.146
2030.000	5.000	230.469	0.146
2040.000	5.000	230.469	0.146
2050.000	5.000	228.516	0.153
2060.000	5.000	228.516	0.153
2070.000	5.000	228.516	0.153
2080.000	5.000	248.047	0.135
2090.000	5.000	248.047	0.135
2100.000	5.000	248.047	0.135
2110.000	5.000	234.375	0.186
2120.000	5.000	234.375	0.186
2130.000	5.000	234.375	0.186
2140.000	5.000	251.953	0.146
2150.000	5.000	251.953	0.146
2160.000	5.000	251.953	0.146
2170.000	5.000	287.109	0.140
2180.000	5.000	287.109	0.140
2190.000	5.000	287.109	0.140
2200.000	5.000	253.906	0.145
2210.000	5.000	253.906	0.145
2220.000	5.000	253.906	0.145
2230.000	5.000	267.578	0.146
2240.000	5.000	267.578	0.146
2250.000	5.000	267.578	0.146
2260.000	5.000	242.187	0.170
2270.000	5.000	242.187	0.170
2280.000	5.000	242.187	0.170
2290.000	5.000	265.625	0.137
2300.000	5.000	265.625	0.137
2310.000	5.000	265.625	0.137
2320.000	5.000	294.922	0.112
2330.000	5.000	294.922	0.112
2340.000	5.000	294.922	0.112
2350.000	5.000	302.734	0.137
2360.000	5.000	302.734	0.137
2370.000	5.000	302.734	0.137
2380.000	5.000	294.922	0.135
2390.000	5.000	294.922	0.135
2400.000	5.000	294.922	0.135
2410.000	5.000	320.312	0.183
2420.000	5.000	320.312	0.183
2430.000	5.000	320.312	0.183
2440.000	5.000	318.359	0.127
2450.000	5.000	318.359	0.127
2460.000	5.000	318.359	0.127
2470.000	5.000	339.844	0.097
2480.000	5.000	339.844	0.097
2490.000	5.000	339.844	0.097
2500.000	5.000	324.219	0.138
2510.000	5.000	324.219	0.138
2520.000	5.000	324.219	0.138
2530.000	5.000	332.031	0.157
2540.000	5.000	332.031	0.157
2550.000	5.000	332.031	0.157
2560.000	5.000	349.609	0.140
2570.000	5.000	349.609	0.140
2580.000	5.000	349.609	0.140
2590.000	5.000	376.953	0.103
2600.000	5.000	376.953	0.103
2610.000	5.000	376.953	0.103
2620.000	5.000	332.031	0.185
2630.000	5.000	332.031	0.185
2640.000	5.000	332.031	0.185
2650.000	5.000	371.094	0.164
2660.000	5.000	371.094	0.164
2670.000	5.000	371.094	0.164
2680.000	5.000	365.234	0.168
2690.000	5.000	365.234	0.168
2700.000	5.000	365.234	0.168
2710.000	5.000	378.906	0.225
2720.000	5.000	378.906	0.225
2730.000	5.000	378.906	0.225
2740.000	5.000	380.859	0.131
2750.000	5.000	380.859	0.131
2760.000	5.000	380.859	0.131
2770.000	5.000	365.234	0.140
2780.000	5.000	365.234	0.140
2790.000	5.000	365.234	0.140
2800.000	5.000	398.437	0.195
2810.000	5.000	398.437	0.195
2820.000	5.000	398.437	0.195
2830.000	5.000	410.156	0.191
2840.000	5.000	410.156	0.191
2850.000	5.000	410.156	0.191
2860.000	5.000	412.109	0.208
2870.000	5.000	412.109	0.208
2880.000	5.000	412.109	0.208
2890.000	5.000	431.641	0.143
2900.000	5.000	431.641	0.143
2910.000	5.000	431.641	0.143
2920.000	5.000	388.672	0.185
2930.000	5.000	388.672	0.185
2940.000	5.000	388.672	0.185
2950.000	5.000	429.687	0.135
2960.000	5.000	429.687	0.135
2970.000	5.000	429.687	0.135
2980.000	5.000	441.406	0.119
2990.000	5.000	441.406	0.119
3000.000	5.000	441.406	0.119
3010.000	5.000	435.547	0.150
3020.000	5.000	435.547	0.150
3030.000	5.000	435.547	0.150
3040.000	5.000	458.984	0.187
3050.000	5.000	458.984	0.187
3060.000	5.000	458.984	0.187
3070.000	5.000	429.687	0.124
3080.000	5.000	429.687	0.124
3090.000	5.000	429.687	0.124
3100.000	5.000	462.891	0.181
3110.000	5.000	462.891	0.181
3120.000	5.000	462.891	0.181
3130.000	5.000	474.609	0.130
3140.000	5.000	474.609	0.130
3150.000	5.000	474.609	0.130
3160.000	5.000	466.797	0.156
3170.000	5.000	466.797	0.156
3180.000	5.000	466.797	0.156
3190.000	5.000	429.687	0.157
3200.000	5.000	429.687	0.157
3210.000	5.000	429.687	0.157
3220.000	5.000	498.047	0.221
3230.000	5.000	498.047	0.221
3240.000	5.000	498.047	0.221
3250.000	5.000	500.000	0.130
3260.000	5.000	500.000	0.130
3270.000	5.000	500.000	0.130
3280.000	5.000	498.047	0.134
3290.000	5.000	498.047	0.134
3300.000	5.000	498.047	0.134
3310.000	5.000	505.859	0.190
3320.000	5.000	505.859	0.190
3330.000	5.000	505.859	0.190
3340.000	5.000	548.828	0.213
3350.000	5.000	548.828	0.213
3360.000	5.000	548.828	0.213
3370.000	5.000	507.812	0.118
3380.000	5.000	507.812	0.118
3390.000	5.000	507.812	0.118
3400.000	5.000	535.156	0.124
3410.000	5.000	535.156	0.124
3420.000	5.000	535.156	0.124
3430.000	5.000	507.812	0.110
3440.000	5.000	507.812	0.110
3450.000	5.000	507.812	0.110
3460.000	5.000	544.922	0.158
3470.000	5.000	544.922	0.158
3480.000	5.000	544.922	0.158
3490.000	5.000	542.969	0.146
3500.000	5.000	542.969	0.146
3510.000	5.000	542.969	0.146
3520.000	5.000	548.828	0.129
3530.000	5.000	548.828	0.129
3540.000	5.000	548.828	0.129
3550.000	5.000	556.641	0.166
3560.000	5.000	556.641	0.166
3570.000	5.000	556.641	0.166
3580.000	5.000	560.547	0.127
3590.000	5.000	560.547	0.127
3600.000	5.000	560.547	0.127
3610.000	5.000	554.687	0.146
3620.000	5.000	554.687	0.146
3630.000	5.000	554.687	0.146
3640.000	5.000	554.687	0.121
3650.000	5.000	554.687	0.121
3660.000	5.000	554.687	0.121
3670.000	5.000	564.453	0.148
3680.000	5.000	564.453	0.148
3690.000	5.000	564.453	0.148
3700.000	5.000	583.984	0.136
3710.000	5.000	583.984	0.136
3720.000	5.000	583.984	0.136
3730.000	5.000	574.219	0.141
3740.000	5.000	574.219	0.141
3750.000	5.000	574.219	0.141
3760.000	5.000	599.609	0.219
3770.000	5.000	599.609	0.219
3780.000	5.000	599.609	0.219
3790.000	5.000	582.031	0.129
3800.000	5.000	582.031	0.129
3810.000	5.000	582.031	0.129
3820.000	5.000	605.469	0.116
3830.000	5.000	605.469	0.116
3840.000	5.000	605.469	0.116
3850.000	5.000	576.172	0.114
3860.000	5.000	576.172	0.114
3870.000	5.000	576.172	0.114
3880.000	5.000	611.328	0.126
3890.000	5.000	611.328	0.126
3900.000	5.000	611.328	0.126
3910.000	5.000	609.375	0.137
3920.000	5.000	609.375	0.137
3930.000	5.000	609.375	0.137
3940.000	5.000	615.234	0.158
3950.000	5.000	615.234	0.158
3960.000	5.000	615.234	0.158
3970.000	5.000	640.625	0.122
3980.000	5.000	640.625	0.122
3990.000	5.000	640.625	0.122
4000.000	5.000	630.859	0.036
4010.000	5.000	630.859	0.036
4020.000	5.000	630.859	0.036
4030.000	5.000	640.625	0.178
4040.000	5.000	640.625	0.178
4050.000	5.000	640.625	0.178
4060.000	5.000	636.719	0.228
4070.000	5.000	636.719	0.228
4080.000	5.000	636.719	0.228
4090.000	5.000	642.578	0.166
4100.000	5.000	642.578	0.166
4110.000	5.000	642.578	0.166
4120.000	5.000	640.625	0.111
4130.000	5.000	640.625	0.111
4140.000	5.000	640.625	0.111
4150.000	5.000	642.578	0.131
4160.000	5.000	642.578	0.131
4170.000	5.000	642.578	0.131
4180.000	5.000	667.969	0.161
4190.000	5.000	667.969	0.161
4200.000	5.000	667.969	0.161
4210.000	5.000	689.453	0.133
4220.000	5.000	689.453	0.133
4230.000	5.000	689.453	0.133
4240.000	5.000	666.016	0.139
4250.000	5.000	666.016	0.139
4260.000	5.000	666.016	0.139
4270.000	5.000	705.078	0.174
4280.000	5.000	705.078	0.174
4290.000	5.000	705.078	0.174
4300.000	5.000	685.547	0.146
4310.000	5.000	685.547	0.146
4320.000	5.000	685.547	0.146
4330.000	5.000	693.359	0.106
4340.000	5.000	693.359	0.106
4350.000	5.000	693.359	0.106
4360.000	5.000	689.453	0.159
4370.000	5.000	689.453	0.159
4380.000	5.000	689.453	0.159
4390.000	5.000	693.359	0.249
4400.000	5.000	693.359	0.249
4410.000	5.000	693.359	0.249
4420.000	5.000	720.703	0.221
4430.000	5.000	720.703	0.221
4440.000	5.000	720.703	0.221
4450.000	5.000	708.984	0.118
4460.000	5.000	708.984	0.118
4470.000	5.000	708.984	0.118
4480.000	5.000	703.125	0.129
4490.000	5.000	703.125	0.129
4500.000	5.000	703.125	0.129
4510.000	5.000	714.844	0.152
4520.000	5.000	714.844	0.152
4530.000	5.000	714.844	0.152
4540.000	5.000	722.656	0.112
4550.000	5.000	722.656	0.112
4560.000	5.000	722.656	0.112
4570.000	5.000	732.422	0.122
4580.000	5.000	732.422	0.122
4590.000	5.000	732.422	0.122
4600.000	5.000	730.469	0.207
4610.000	5.000	730.469	0.207
4620.000	5.000	730.469	0.207
4630.000	5.000	732.422	0.232
4640.000	5.000	732.422	0.232
4650.000	5.000	732.422	0.232
4660.000	5.000	728.516	0.141
4670.000	5.000	728.516	0.141
4680.000	5.000	728.516	0.141
4690.000	5.000	757.812	0.123
4700.000	5.000	757.812	0.123
4710.000	5.000	757.812	0.123
4720.000	5.000	742.187	0.222
4730.000	5.000	742.187	0.222
4740.000	5.000	742.187	0.222
4750.000	5.000	779.297	0.111
4760.000	5.000	779.297	0.111
4770.000	5.000	779.297	0.111
4780.000	5.000	755.859	0.122
4790.000	5.000	755.859	0.122
4800.000	5.000	755.859	0.122
4810.000	5.000	767.578	0.132
4820.000	5.000	767.578	0.132
4830.000	5.000	767.578	0.132
4840.000	5.000	785.156	0.106
4850.000	5.000	785.156	0.106
4860.000	5.000	785.156	0.106
4870.000	5.000	787.109	0.125
4880.000	5.000	787.109	0.125
4890.000	5.000	787.109	0.125
4900.000	5.000	773.437	0.178
4910.000	5.000	773.437	0.178
4920.000	5.000	773.437	0.178
4930.000	5.000	779.297	0.122
4940.000	5.000	779.297	0.122
4950.000	5.000	779.297	0.122
4960.000	5.000	800.781	0.145
4970.000	5.000	800.781	0.145
4980.000	5.000	800.781	0.145
4990.000	5.000	798.828	0.266
5000.000	5.000	798.828	0.266
5010.000	5.000	798.828	0.266
5020.000	5.000	806.641	0.183
5030.000	5.000	806.641	0.183
5040.000	5.000	806.641	0.183
5050.000	5.000	818.359	0.113
5060.000	5.000	818.359	0.113
5070.000	5.000	818.359	0.113
5080.000	5.000	806.641	0.133
5090.000	5.000	806.641	0.133
5100.000	5.000	806.641	0.133
5110.000	5.000	785.156	0.158
5120.000	5.000	785.156	0.158
5130.000	5.000	785.156	0.158
5140.000	5.000	826.172	0.140
5150.000	5.000	826.172	0.140
5160.000	5.000	826.172	0.140
5170.000	5.000	826.172	0.270
5180.000	5.000	826.172	0.270
5190.000	5.000	826.172	0.270
5200.000	5.000	835.937	0.183
5210.000	5.000	835.937	0.183
5220.000	5.000	835.937	0.183
5230.000	5.000	845.703	0.169
5240.000	5.000	845.703	0.169
5250.000	5.000	845.703	0.169
5260.000	5.000	824.219	0.213
5270.000	5.000	824.219	0.213
5280.000	5.000	824.219	0.213
5290.000	5.000	810.547	0.132
5300.000	5.000	810.547	0.132
5310.000	5.000	810.547	0.132
5320.000	5.000	837.891	0.133
5330.000	5.000	837.891	0.133
5340.000	5.000	837.891	0.133
5350.000	5.000	851.562	0.148
5360.000	5.000	851.562	0.148
5370.000	5.000	851.562	0.148
5380.000	5.000	839.844	0.168
5390.000	5.000	839.844	0.168
5400.000	5.000	839.844	0.168
5410.000	5.000	873.047	0.132
5420.000	5.000	873.047	0.132
5430.000	5.000	873.047	0.132
5440.000	5.000	869.141	0.102
5450.000	5.000	869.141	0.102
5460.000	5.000	869.141	0.102
5470.000	5.000	865.234	0.135
5480.000	5.000	865.234	0.135
5490.000	5.000	865.234	0.135
5500.000	5.000	882.812	0.194
5510.000	5.000	882.812	0.194
5520.000	5.000	882.812	0.194
5530.000	5.000	859.375	0.157
5540.000	5.000	859.375	0.157
5550.000	5.000	859.375	0.157
5560.000	5.000	888.672	0.158
5570.000	5.000	888.672	0.158
5580.000	5.000	888.672	0.158
5590.000	5.000	894.531	0.110
5600.000	5.000	894.531	0.110
5610.000	5.000	894.531	0.110
5620.000	5.000	931.641	0.146
5630.000	5.000	931.641	0.146
5640.000	5.000	931.641	0.146
5650.000	5.000	888.672	0.108
5660.000	5.000	888.672	0.108
5670.000	5.000	888.672	0.108
5680.000	5.000	912.109	0.128
5690.000	5.000	912.109	0.128
5700.000	5.000	912.109	0.128
5710.000	5.000	910.156	0.101
5720.000	5.000	910.156	0.101
5730.000	5.000	910.156	0.101
5740.000	5.000	914.062	0.161
5750.000	5.000	914.062	0.161
5760.000	5.000	914.062	0.161
5770.000	5.000	951.172	0.144
5780.000	5.000	951.172	0.144
5790.000	5.000	951.172	0.144
5800.000	5.000	949.219	0.176
5810.000	5.000	949.219	0.176
5820.000	5.000	949.219	0.176
5830.000	5.000	886.719	0.105
5840.000	5.000	886.719	0.105
5850.000	5.000	886.719	0.105
5860.000	5.000	933.594	0.105
5870.000	5.000	933.594	0.105
5880.000	5.000	933.594	0.105
5890.000	5.000	947.266	0.121
5900.000	5.000	947.266	0.121
5910.000	5.000	947.266	0.121
5920.000	5.000	941.406	0.127
5930.000	5.000	941.406	0.127
5940.000	5.000	941.406	0.127
5950.000	5.000	945.312	0.157
5960.000	5.000	945.312	0.157
5970.000	5.000	945.312	0.157
5980.000	5.000	945.312	0.127
5990.000	5.000	945.312	0.127
6000.000	5.000	945.312	0.127
6010.000	5.000	966.797	0.171
6020.000	5.000	966.797	0.171
6030.000	5.000	966.797	0.171
6040.000	5.000	966.797	0.125
6050.000	5.000	966.797	0.125
6060.000	5.000	966.797	0.125
6070.000	5.000	980.469	0.140
6080.000	5.000	980.469	0.140
6090.000	5.000	980.469	0.140
6100.000	5.000	1001.953	0.045
6110.000	5.000	1001.953	0.045
6120.000	5.000	1001.953	0.045
6130.000	5.000	957.031	-0.032
6140.000	5.000	957.031	-0.032
6150.000	5.000	957.031	-0.032
6160.000	5.000	957.031	-0.035
6170.000	5.000	957.031	-0.035
6180.000	5.000	957.031	-0.035
6190.000	5.000	929.687	-0.031
6200.000	5.000	929.687	-0.031
6210.000	5.000	929.687	-0.031
6220.000	5.000	953.125	0.002
6230.000	5.000	953.125	0.002
6240.000	5.000	953.125	0.002
6250.000	5.000	923.828	-0.035
6260.000	5.000	923.828	-0.035
6270.000	5.000	923.828	-0.035
6280.000	5.000	904.297	-0.036
6290.000	5.000	904.297	-0.036
6300.000	5.000	904.297	-0.036
6310.000	5.000	904.297	-0.016
6320.000	5.000	904.297	-0.016
6330.000	5.000	904.297	-0.016
6340.000	5.000	902.344	0.004
6350.000	5.000	902.344	0.004
6360.000	5.000	902.344	0.004
6370.000	5.000	904.297	0.039
6380.000	5.000	904.297	0.039
6390.000	5.000	904.297	0.039
6400.000	5.000	896.484	0.024
6410.000	5.000	896.484	0.024
6420.000	5.000	896.484	0.024
6430.000	5.000	882.812	-0.024
6440.000	5.000	882.812	-0.024
6450.000	5.000	882.812	-0.024
6460.000	5.000	861.328	0.022
6470.000	5.000	861.328	0.022
6480.000	5.000	861.328	0.022
6490.000	5.000	851.562	0.066
6500.000	5.000	851.562	0.066
6510.000	5.000	851.562	0.066
6520.000	5.000	839.844	-0.010
6530.000	5.000	839.844	-0.010
6540.000	5.000	839.844	-0.010
6550.000	5.000	828.125	-0.022
6560.000	5.000	828.125	-0.022
6570.000	5.000	828.125	-0.022
6580.000	5.000	837.891	-0.007
6590.000	5.000	837.891	-0.007
6600.000	5.000	837.891	-0.007
6610.000	5.000	824.219	-0.005
6620.000	5.000	824.219	-0.005
6630.000	5.000	824.219	-0.005
6640.000	5.000	806.641	-0.051
6650.000	5.000	806.641	-0.051
6660.000	5.000	806.641	-0.051
6670.000	5.000	789.062	0.025
6680.000	5.000	789.062	0.025
6690.000	5.000	789.062	0.025
6700.000	5.000	785.156	-0.066
6710.000	5.000	785.156	-0.066
6720.000	5.000	785.156	-0.066
6730.000	5.000	783.203	0.008
6740.000	5.000	783.203	0.008
6750.000	5.000	783.203	0.008
6760.000	5.000	763.672	0.001
6770.000	5.000	763.672	0.001
6780.000	5.000	763.672	0.001
6790.000	5.000	775.391	0.035
6800.000	5.000	775.391	0.035
6810.000	5.000	775.391	0.035
6820.000	5.000	748.047	0.007
6830.000	5.000	748.047	0.007
6840.000	5.000	748.047	0.007
6850.000	5.000	736.328	0.035
6860.000	5.000	736.328	0.035
6870.000	5.000	736.328	0.035
6880.000	5.000	726.562	-0.009
6890.000	5.000	726.562	-0.009
6900.000	5.000	726.562	-0.009
6910.000	5.000	718.750	0.013
6920.000	5.000	718.750	0.013
6930.000	5.000	718.750	0.013
6940.000	5.000	710.937	0.033
6950.000	5.000	710.937	0.033
6960.000	5.000	710.937	0.033
6970.000	5.000	707.031	-0.005
6980.000	5.000	707.031	-0.005
6990.000	5.000	707.031	-0.005
7000.000	5.000	656.250	-0.025
7010.000	5.000	656.250	-0.025
7020.000	5.000	656.250	-0.025
