%Time [ms]	Commanded Torque [mNm]	Angular Velocity [RPM]	Actual Current [Amp]	%3/17/202011:34 AM
0.000	0.000	0.000	0.000
20.000	11.000	13.672	-0.013
30.000	11.000	13.672	-0.013
40.000	11.000	5.859	0.001
50.000	11.000	5.859	0.001
60.000	11.000	5.859	0.001
70.000	11.000	-37.109	-0.006
80.000	11.000	-37.109	-0.006
90.000	11.000	-37.109	-0.006
100.000	11.000	-33.203	-0.002
110.000	11.000	-33.203	-0.002
120.000	11.000	-33.203	-0.002
130.000	11.000	15.625	-0.003
140.000	11.000	15.625	-0.003
150.000	11.000	15.625	-0.003
160.000	11.000	25.391	-0.001
170.000	11.000	25.391	-0.001
180.000	11.000	25.391	-0.001
190.000	11.000	13.672	0.011
200.000	11.000	13.672	0.011
210.000	11.000	13.672	0.011
220.000	11.000	33.203	0.000
230.000	11.000	33.203	0.000
240.000	11.000	33.203	0.000
250.000	11.000	9.766	-0.015
260.000	11.000	9.766	-0.015
270.000	11.000	9.766	-0.015
280.000	11.000	7.812	-0.005
290.000	11.000	7.812	-0.005
300.000	11.000	7.812	-0.005
310.000	11.000	15.625	-0.016
320.000	11.000	15.625	-0.016
330.000	11.000	15.625	-0.016
340.000	11.000	1.953	-0.010
350.000	11.000	1.953	-0.010
360.000	11.000	1.953	-0.010
370.000	11.000	1.953	-0.008
380.000	11.000	1.953	-0.008
390.000	11.000	1.953	-0.008
400.000	11.000	7.812	-0.013
410.000	11.000	7.812	-0.013
420.000	11.000	7.812	-0.013
430.000	11.000	5.859	-0.037
440.000	11.000	5.859	-0.037
450.000	11.000	5.859	-0.037
460.000	11.000	9.766	-0.004
470.000	11.000	9.766	-0.004
480.000	11.000	9.766	-0.004
490.000	11.000	17.578	-0.007
500.000	11.000	17.578	-0.007
510.000	11.000	17.578	-0.007
520.000	11.000	15.625	-0.009
530.000	11.000	15.625	-0.009
540.000	11.000	15.625	-0.009
550.000	11.000	7.812	0.005
560.000	11.000	7.812	0.005
570.000	11.000	7.812	0.005
580.000	11.000	5.859	-0.002
590.000	11.000	5.859	-0.002
600.000	11.000	5.859	-0.002
610.000	11.000	13.672	-0.013
620.000	11.000	13.672	-0.013
630.000	11.000	13.672	-0.013
640.000	11.000	11.719	-0.013
650.000	11.000	11.719	-0.013
660.000	11.000	11.719	-0.013
670.000	11.000	9.766	0.000
680.000	11.000	9.766	0.000
690.000	11.000	9.766	0.000
700.000	11.000	11.719	0.011
710.000	11.000	11.719	0.011
720.000	11.000	11.719	0.011
730.000	11.000	33.203	0.000
740.000	11.000	33.203	0.000
750.000	11.000	33.203	0.000
760.000	11.000	1.953	-0.021
770.000	11.000	1.953	-0.021
780.000	11.000	1.953	-0.021
790.000	11.000	0.000	0.001
800.000	11.000	0.000	0.001
810.000	11.000	0.000	0.001
820.000	11.000	37.109	0.011
830.000	11.000	37.109	0.011
840.000	11.000	37.109	0.011
850.000	11.000	11.719	0.017
860.000	11.000	11.719	0.017
870.000	11.000	11.719	0.017
880.000	11.000	9.766	-0.005
890.000	11.000	9.766	-0.005
900.000	11.000	9.766	-0.005
910.000	11.000	19.531	-0.009
920.000	11.000	19.531	-0.009
930.000	11.000	19.531	-0.009
940.000	11.000	7.812	0.008
950.000	11.000	7.812	0.008
960.000	11.000	7.812	0.008
970.000	11.000	9.766	0.009
980.000	11.000	9.766	0.009
990.000	11.000	9.766	0.009
1000.000	11.000	1.953	-0.002
1010.000	11.000	1.953	-0.002
1020.000	11.000	1.953	-0.002
1030.000	11.000	0.000	0.010
1040.000	11.000	0.000	0.010
1050.000	11.000	0.000	0.010
1060.000	11.000	39.062	0.001
1070.000	11.000	39.062	0.001
1080.000	11.000	39.062	0.001
1090.000	11.000	25.391	0.330
1100.000	11.000	25.391	0.330
1110.000	11.000	25.391	0.330
1120.000	11.000	11.719	0.336
1130.000	11.000	11.719	0.336
1140.000	11.000	11.719	0.336
1150.000	11.000	21.484	0.331
1160.000	11.000	21.484	0.331
1170.000	11.000	21.484	0.331
1180.000	11.000	52.734	0.336
1190.000	11.000	52.734	0.336
1200.000	11.000	52.734	0.336
1210.000	11.000	93.750	0.329
1220.000	11.000	93.750	0.329
1230.000	11.000	93.750	0.329
1240.000	11.000	93.750	0.291
1250.000	11.000	93.750	0.291
1260.000	11.000	93.750	0.291
1270.000	11.000	136.719	0.332
1280.000	11.000	136.719	0.332
1290.000	11.000	136.719	0.332
1300.000	11.000	154.297	0.328
1310.000	11.000	154.297	0.328
1320.000	11.000	154.297	0.328
1330.000	11.000	177.734	0.338
1340.000	11.000	177.734	0.338
1350.000	11.000	177.734	0.338
1360.000	11.000	201.172	0.319
1370.000	11.000	201.172	0.319
1380.000	11.000	201.172	0.319
1390.000	11.000	222.656	0.338
1400.000	11.000	222.656	0.338
1410.000	11.000	222.656	0.338
1420.000	11.000	246.094	0.320
1430.000	11.000	246.094	0.320
1440.000	11.000	246.094	0.320
1450.000	11.000	289.062	0.334
1460.000	11.000	289.062	0.334
1470.000	11.000	289.062	0.334
1480.000	11.000	263.672	0.315
1490.000	11.000	263.672	0.315
1500.000	11.000	263.672	0.315
1510.000	11.000	306.641	0.334
1520.000	11.000	306.641	0.334
1530.000	11.000	306.641	0.334
1540.000	11.000	332.031	0.354
1550.000	11.000	332.031	0.354
1560.000	11.000	332.031	0.354
1570.000	11.000	326.172	0.347
1580.000	11.000	326.172	0.347
1590.000	11.000	326.172	0.347
1600.000	11.000	355.469	0.340
1610.000	11.000	355.469	0.340
1620.000	11.000	355.469	0.340
1630.000	11.000	384.766	0.323
1640.000	11.000	384.766	0.323
1650.000	11.000	384.766	0.323
1660.000	11.000	447.266	0.319
1670.000	11.000	447.266	0.319
1680.000	11.000	447.266	0.319
1690.000	11.000	437.500	0.392
1700.000	11.000	437.500	0.392
1710.000	11.000	437.500	0.392
1720.000	11.000	476.562	0.308
1730.000	11.000	476.562	0.308
1740.000	11.000	476.562	0.308
1750.000	11.000	472.656	0.322
1760.000	11.000	472.656	0.322
1770.000	11.000	472.656	0.322
1780.000	11.000	472.656	0.308
1790.000	11.000	472.656	0.308
1800.000	11.000	472.656	0.308
1810.000	11.000	544.922	0.324
1820.000	11.000	544.922	0.324
1830.000	11.000	544.922	0.324
1840.000	11.000	568.359	0.315
1850.000	11.000	568.359	0.315
1860.000	11.000	568.359	0.315
1870.000	11.000	570.312	0.305
1880.000	11.000	570.312	0.305
1890.000	11.000	570.312	0.305
1900.000	11.000	609.375	0.318
1910.000	11.000	609.375	0.318
1920.000	11.000	609.375	0.318
1930.000	11.000	623.047	0.406
1940.000	11.000	623.047	0.406
1950.000	11.000	623.047	0.406
1960.000	11.000	636.719	0.305
1970.000	11.000	636.719	0.305
1980.000	11.000	636.719	0.305
1990.000	11.000	667.969	0.246
2000.000	11.000	667.969	0.246
2010.000	11.000	667.969	0.246
2020.000	11.000	673.828	0.307
2030.000	11.000	673.828	0.307
2040.000	11.000	673.828	0.307
2050.000	11.000	691.406	0.315
2060.000	11.000	691.406	0.315
2070.000	11.000	691.406	0.315
2080.000	11.000	707.031	0.271
2090.000	11.000	707.031	0.271
2100.000	11.000	707.031	0.271
2110.000	11.000	751.953	0.326
2120.000	11.000	751.953	0.326
2130.000	11.000	751.953	0.326
2140.000	11.000	763.672	0.284
2150.000	11.000	763.672	0.284
2160.000	11.000	763.672	0.284
2170.000	11.000	777.344	0.413
2180.000	11.000	777.344	0.413
2190.000	11.000	777.344	0.413
2200.000	11.000	820.312	0.442
2210.000	11.000	820.312	0.442
2220.000	11.000	820.312	0.442
2230.000	11.000	820.312	0.344
2240.000	11.000	820.312	0.344
2250.000	11.000	820.312	0.344
2260.000	11.000	839.844	0.453
2270.000	11.000	839.844	0.453
2280.000	11.000	839.844	0.453
2290.000	11.000	855.469	0.321
2300.000	11.000	855.469	0.321
2310.000	11.000	855.469	0.321
2320.000	11.000	865.234	0.278
2330.000	11.000	865.234	0.278
2340.000	11.000	865.234	0.278
2350.000	11.000	898.437	0.322
2360.000	11.000	898.437	0.322
2370.000	11.000	898.437	0.322
2380.000	11.000	925.781	0.285
2390.000	11.000	925.781	0.285
2400.000	11.000	925.781	0.285
2410.000	11.000	931.641	0.290
2420.000	11.000	931.641	0.290
2430.000	11.000	931.641	0.290
2440.000	11.000	964.844	0.303
2450.000	11.000	964.844	0.303
2460.000	11.000	964.844	0.303
2470.000	11.000	964.844	0.355
2480.000	11.000	964.844	0.355
2490.000	11.000	964.844	0.355
2500.000	11.000	992.187	0.362
2510.000	11.000	992.187	0.362
2520.000	11.000	992.187	0.362
2530.000	11.000	1042.969	0.299
2540.000	11.000	1042.969	0.299
2550.000	11.000	1042.969	0.299
2560.000	11.000	1031.250	0.321
2570.000	11.000	1031.250	0.321
2580.000	11.000	1031.250	0.321
2590.000	11.000	1066.406	0.311
2600.000	11.000	1066.406	0.311
2610.000	11.000	1066.406	0.311
2620.000	11.000	1101.562	0.361
2630.000	11.000	1101.562	0.361
2640.000	11.000	1101.562	0.361
2650.000	11.000	1107.422	0.266
2660.000	11.000	1107.422	0.266
2670.000	11.000	1107.422	0.266
2680.000	11.000	1097.656	0.266
2690.000	11.000	1097.656	0.266
2700.000	11.000	1097.656	0.266
2710.000	11.000	1107.422	0.298
2720.000	11.000	1107.422	0.298
2730.000	11.000	1107.422	0.298
2740.000	11.000	1154.297	0.432
2750.000	11.000	1154.297	0.432
2760.000	11.000	1154.297	0.432
2770.000	11.000	1130.859	0.267
2780.000	11.000	1130.859	0.267
2790.000	11.000	1130.859	0.267
2800.000	11.000	1195.312	0.435
2810.000	11.000	1195.312	0.435
2820.000	11.000	1195.312	0.435
2830.000	11.000	1208.984	0.250
2840.000	11.000	1208.984	0.250
2850.000	11.000	1208.984	0.250
2860.000	11.000	1205.078	0.288
2870.000	11.000	1205.078	0.288
2880.000	11.000	1205.078	0.288
2890.000	11.000	1236.328	0.333
2900.000	11.000	1236.328	0.333
2910.000	11.000	1236.328	0.333
2920.000	11.000	1281.250	0.296
2930.000	11.000	1281.250	0.296
2940.000	11.000	1281.250	0.296
2950.000	11.000	1302.734	0.407
2960.000	11.000	1302.734	0.407
2970.000	11.000	1302.734	0.407
2980.000	11.000	1341.797	0.287
2990.000	11.000	1341.797	0.287
3000.000	11.000	1341.797	0.287
3010.000	11.000	1318.359	0.303
3020.000	11.000	1318.359	0.303
3030.000	11.000	1318.359	0.303
3040.000	11.000	1349.609	0.365
3050.000	11.000	1349.609	0.365
3060.000	11.000	1349.609	0.365
3070.000	11.000	1371.094	0.289
3080.000	11.000	1371.094	0.289
3090.000	11.000	1371.094	0.289
3100.000	11.000	1404.297	0.379
3110.000	11.000	1404.297	0.379
3120.000	11.000	1404.297	0.379
3130.000	11.000	1382.812	0.335
3140.000	11.000	1382.812	0.335
3150.000	11.000	1382.812	0.335
3160.000	11.000	1388.672	0.290
3170.000	11.000	1388.672	0.290
3180.000	11.000	1388.672	0.290
3190.000	11.000	1466.797	0.426
3200.000	11.000	1466.797	0.426
3210.000	11.000	1466.797	0.426
3220.000	11.000	1455.078	0.261
3230.000	11.000	1455.078	0.261
3240.000	11.000	1455.078	0.261
3250.000	11.000	1507.812	0.279
3260.000	11.000	1507.812	0.279
3270.000	11.000	1507.812	0.279
3280.000	11.000	1539.062	0.506
3290.000	11.000	1539.062	0.506
3300.000	11.000	1539.062	0.506
3310.000	11.000	1519.531	0.312
3320.000	11.000	1519.531	0.312
3330.000	11.000	1519.531	0.312
3340.000	11.000	1517.578	0.271
3350.000	11.000	1517.578	0.271
3360.000	11.000	1517.578	0.271
3370.000	11.000	1576.172	0.482
3380.000	11.000	1576.172	0.482
3390.000	11.000	1576.172	0.482
3400.000	11.000	1550.781	0.313
3410.000	11.000	1550.781	0.313
3420.000	11.000	1550.781	0.313
3430.000	11.000	1582.031	0.447
3440.000	11.000	1582.031	0.447
3450.000	11.000	1582.031	0.447
3460.000	11.000	1621.094	0.323
3470.000	11.000	1621.094	0.323
3480.000	11.000	1621.094	0.323
3490.000	11.000	1617.187	0.471
3500.000	11.000	1617.187	0.471
3510.000	11.000	1617.187	0.471
3520.000	11.000	1609.375	0.436
3530.000	11.000	1609.375	0.436
3540.000	11.000	1609.375	0.436
3550.000	11.000	1666.016	0.271
3560.000	11.000	1666.016	0.271
3570.000	11.000	1666.016	0.271
3580.000	11.000	1667.969	0.260
3590.000	11.000	1667.969	0.260
3600.000	11.000	1667.969	0.260
3610.000	11.000	1708.984	0.278
3620.000	11.000	1708.984	0.278
3630.000	11.000	1708.984	0.278
3640.000	11.000	1703.125	0.286
3650.000	11.000	1703.125	0.286
3660.000	11.000	1703.125	0.286
3670.000	11.000	1714.844	0.495
3680.000	11.000	1714.844	0.495
3690.000	11.000	1714.844	0.495
3700.000	11.000	1750.000	0.479
3710.000	11.000	1750.000	0.479
3720.000	11.000	1750.000	0.479
3730.000	11.000	1761.719	0.287
3740.000	11.000	1761.719	0.287
3750.000	11.000	1761.719	0.287
3760.000	11.000	1761.719	0.298
3770.000	11.000	1761.719	0.298
3780.000	11.000	1761.719	0.298
3790.000	11.000	1816.406	0.269
3800.000	11.000	1816.406	0.269
3810.000	11.000	1816.406	0.269
3820.000	11.000	1806.641	0.297
3830.000	11.000	1806.641	0.297
3840.000	11.000	1806.641	0.297
3850.000	11.000	1822.266	0.454
3860.000	11.000	1822.266	0.454
3870.000	11.000	1822.266	0.454
3880.000	11.000	1867.187	0.269
3890.000	11.000	1867.187	0.269
3900.000	11.000	1867.187	0.269
3910.000	11.000	1859.375	0.338
3920.000	11.000	1859.375	0.338
3930.000	11.000	1859.375	0.338
3940.000	11.000	1871.094	0.413
3950.000	11.000	1871.094	0.413
3960.000	11.000	1871.094	0.413
3970.000	11.000	1914.062	0.241
3980.000	11.000	1914.062	0.241
3990.000	11.000	1914.062	0.241
4000.000	11.000	1898.437	0.343
4010.000	11.000	1898.437	0.343
4020.000	11.000	1898.437	0.343
4030.000	11.000	1972.656	0.289
4040.000	11.000	1972.656	0.289
4050.000	11.000	1972.656	0.289
4060.000	11.000	1957.031	0.293
4070.000	11.000	1957.031	0.293
4080.000	11.000	1957.031	0.293
4090.000	11.000	1980.469	0.268
4100.000	11.000	1980.469	0.268
4110.000	11.000	1980.469	0.268
4120.000	11.000	1980.469	0.303
4130.000	11.000	1980.469	0.303
4140.000	11.000	1980.469	0.303
4150.000	11.000	1992.187	0.303
4160.000	11.000	1992.187	0.303
4170.000	11.000	1992.187	0.303
4180.000	11.000	2029.297	0.230
4190.000	11.000	2029.297	0.230
4200.000	11.000	2029.297	0.230
4210.000	11.000	2041.016	0.428
4220.000	11.000	2041.016	0.428
4230.000	11.000	2041.016	0.428
4240.000	11.000	2060.547	0.269
4250.000	11.000	2060.547	0.269
4260.000	11.000	2060.547	0.269
4270.000	11.000	2074.219	0.296
4280.000	11.000	2074.219	0.296
4290.000	11.000	2074.219	0.296
4300.000	11.000	2091.797	0.259
4310.000	11.000	2091.797	0.259
4320.000	11.000	2091.797	0.259
4330.000	11.000	2123.047	0.365
4340.000	11.000	2123.047	0.365
4350.000	11.000	2123.047	0.365
4360.000	11.000	2097.656	0.230
4370.000	11.000	2097.656	0.230
4380.000	11.000	2097.656	0.230
4390.000	11.000	2128.906	0.308
4400.000	11.000	2128.906	0.308
4410.000	11.000	2128.906	0.308
4420.000	11.000	2138.672	0.422
4430.000	11.000	2138.672	0.422
4440.000	11.000	2138.672	0.422
4450.000	11.000	2179.687	0.341
4460.000	11.000	2179.687	0.341
4470.000	11.000	2179.687	0.341
4480.000	11.000	2171.875	0.311
4490.000	11.000	2171.875	0.311
4500.000	11.000	2171.875	0.311
4510.000	11.000	2183.594	0.302
4520.000	11.000	2183.594	0.302
4530.000	11.000	2183.594	0.302
4540.000	11.000	2205.078	0.309
4550.000	11.000	2205.078	0.309
4560.000	11.000	2205.078	0.309
4570.000	11.000	2220.703	0.501
4580.000	11.000	2220.703	0.501
4590.000	11.000	2220.703	0.501
4600.000	11.000	2226.562	0.295
4610.000	11.000	2226.562	0.295
4620.000	11.000	2226.562	0.295
4630.000	11.000	2226.562	0.358
4640.000	11.000	2226.562	0.358
4650.000	11.000	2226.562	0.358
4660.000	11.000	2306.641	0.406
4670.000	11.000	2306.641	0.406
4680.000	11.000	2306.641	0.406
4690.000	11.000	2296.875	0.291
4700.000	11.000	2296.875	0.291
4710.000	11.000	2296.875	0.291
4720.000	11.000	2306.641	0.319
4730.000	11.000	2306.641	0.319
4740.000	11.000	2306.641	0.319
4750.000	11.000	2314.453	0.390
4760.000	11.000	2314.453	0.390
4770.000	11.000	2314.453	0.390
4780.000	11.000	2365.234	0.416
4790.000	11.000	2365.234	0.416
4800.000	11.000	2365.234	0.416
4810.000	11.000	2353.516	0.335
4820.000	11.000	2353.516	0.335
4830.000	11.000	2353.516	0.335
4840.000	11.000	2398.437	0.250
4850.000	11.000	2398.437	0.250
4860.000	11.000	2398.437	0.250
4870.000	11.000	2375.000	0.313
4880.000	11.000	2375.000	0.313
4890.000	11.000	2375.000	0.313
4900.000	11.000	2408.203	0.295
4910.000	11.000	2408.203	0.295
4920.000	11.000	2408.203	0.295
4930.000	11.000	2416.016	0.405
4940.000	11.000	2416.016	0.405
4950.000	11.000	2416.016	0.405
4960.000	11.000	2427.734	0.310
4970.000	11.000	2427.734	0.310
4980.000	11.000	2427.734	0.310
4990.000	11.000	2466.797	0.498
5000.000	11.000	2466.797	0.498
5010.000	11.000	2466.797	0.498
5020.000	11.000	2500.000	0.380
5030.000	11.000	2500.000	0.380
5040.000	11.000	2500.000	0.380
5050.000	11.000	2435.547	0.493
5060.000	11.000	2435.547	0.493
5070.000	11.000	2435.547	0.493
5080.000	11.000	2523.437	0.301
5090.000	11.000	2523.437	0.301
5100.000	11.000	2523.437	0.301
5110.000	11.000	2505.859	0.425
5120.000	11.000	2505.859	0.425
5130.000	11.000	2505.859	0.425
5140.000	11.000	2482.422	0.279
5150.000	11.000	2482.422	0.279
5160.000	11.000	2482.422	0.279
5170.000	11.000	2548.828	0.254
5180.000	11.000	2548.828	0.254
5190.000	11.000	2548.828	0.254
5200.000	11.000	2582.031	0.270
5210.000	11.000	2582.031	0.270
5220.000	11.000	2582.031	0.270
5230.000	11.000	2580.078	0.104
5240.000	11.000	2580.078	0.104
5250.000	11.000	2580.078	0.104
5260.000	11.000	2578.125	0.321
5270.000	11.000	2578.125	0.321
5280.000	11.000	2578.125	0.321
5290.000	11.000	2607.422	0.310
5300.000	11.000	2607.422	0.310
5310.000	11.000	2607.422	0.310
5320.000	11.000	2650.391	0.474
5330.000	11.000	2650.391	0.474
5340.000	11.000	2650.391	0.474
5350.000	11.000	2632.812	0.437
5360.000	11.000	2632.812	0.437
5370.000	11.000	2632.812	0.437
5380.000	11.000	2666.016	0.278
5390.000	11.000	2666.016	0.278
5400.000	11.000	2666.016	0.278
5410.000	11.000	2654.297	0.412
5420.000	11.000	2654.297	0.412
5430.000	11.000	2654.297	0.412
5440.000	11.000	2687.500	0.323
5450.000	11.000	2687.500	0.323
5460.000	11.000	2687.500	0.323
5470.000	11.000	2683.594	0.377
5480.000	11.000	2683.594	0.377
5490.000	11.000	2683.594	0.377
5500.000	11.000	2751.953	0.418
5510.000	11.000	2751.953	0.418
5520.000	11.000	2751.953	0.418
5530.000	11.000	2720.703	0.273
5540.000	11.000	2720.703	0.273
5550.000	11.000	2720.703	0.273
5560.000	11.000	2757.812	0.286
5570.000	11.000	2757.812	0.286
5580.000	11.000	2757.812	0.286
5590.000	11.000	2781.250	0.464
5600.000	11.000	2781.250	0.464
5610.000	11.000	2781.250	0.464
5620.000	11.000	2802.734	0.373
5630.000	11.000	2802.734	0.373
5640.000	11.000	2802.734	0.373
5650.000	11.000	2800.781	0.328
5660.000	11.000	2800.781	0.328
5670.000	11.000	2800.781	0.328
5680.000	11.000	2794.922	0.390
5690.000	11.000	2794.922	0.390
5700.000	11.000	2794.922	0.390
5710.000	11.000	2822.266	0.308
5720.000	11.000	2822.266	0.308
5730.000	11.000	2822.266	0.308
5740.000	11.000	2785.156	0.446
5750.000	11.000	2785.156	0.446
5760.000	11.000	2785.156	0.446
5770.000	11.000	2873.047	0.347
5780.000	11.000	2873.047	0.347
5790.000	11.000	2873.047	0.347
5800.000	11.000	2861.328	0.344
5810.000	11.000	2861.328	0.344
5820.000	11.000	2861.328	0.344
5830.000	11.000	2896.484	0.294
5840.000	11.000	2896.484	0.294
5850.000	11.000	2896.484	0.294
5860.000	11.000	2876.953	0.308
5870.000	11.000	2876.953	0.308
5880.000	11.000	2876.953	0.308
5890.000	11.000	2923.828	0.479
5900.000	11.000	2923.828	0.479
5910.000	11.000	2923.828	0.479
5920.000	11.000	2939.453	0.282
5930.000	11.000	2939.453	0.282
5940.000	11.000	2939.453	0.282
5950.000	11.000	2916.016	0.112
5960.000	11.000	2916.016	0.112
5970.000	11.000	2916.016	0.112
5980.000	11.000	2900.391	0.332
5990.000	11.000	2900.391	0.332
6000.000	11.000	2900.391	0.332
6010.000	11.000	2980.469	0.500
6020.000	11.000	2980.469	0.500
6030.000	11.000	2980.469	0.500
6040.000	11.000	2988.281	0.504
6050.000	11.000	2988.281	0.504
6060.000	11.000	2988.281	0.504
6070.000	11.000	2978.516	0.288
6080.000	11.000	2978.516	0.288
6090.000	11.000	2978.516	0.288
6100.000	11.000	2962.891	0.202
6110.000	11.000	2962.891	0.202
6120.000	11.000	2962.891	0.202
6130.000	11.000	3009.766	0.043
6140.000	11.000	3009.766	0.043
6150.000	11.000	3009.766	0.043
6160.000	11.000	3000.000	0.042
6170.000	11.000	3000.000	0.042
6180.000	11.000	3000.000	0.042
6190.000	11.000	2968.750	0.037
6200.000	11.000	2968.750	0.037
6210.000	11.000	2968.750	0.037
6220.000	11.000	2939.453	0.087
6230.000	11.000	2939.453	0.087
6240.000	11.000	2939.453	0.087
6250.000	11.000	2921.875	-0.029
6260.000	11.000	2921.875	-0.029
6270.000	11.000	2921.875	-0.029
6280.000	11.000	2884.766	-0.011
6290.000	11.000	2884.766	-0.011
6300.000	11.000	2884.766	-0.011
6310.000	11.000	2880.859	-0.011
6320.000	11.000	2880.859	-0.011
6330.000	11.000	2880.859	-0.011
6340.000	11.000	2898.437	-0.028
6350.000	11.000	2898.437	-0.028
6360.000	11.000	2898.437	-0.028
6370.000	11.000	2873.047	-0.050
6380.000	11.000	2873.047	-0.050
6390.000	11.000	2873.047	-0.050
6400.000	11.000	2847.656	-0.036
6410.000	11.000	2847.656	-0.036
6420.000	11.000	2847.656	-0.036
6430.000	11.000	2843.750	-0.028
6440.000	11.000	2843.750	-0.028
6450.000	11.000	2843.750	-0.028
6460.000	11.000	2806.641	-0.017
6470.000	11.000	2806.641	-0.017
6480.000	11.000	2806.641	-0.017
6490.000	11.000	2816.406	-0.041
6500.000	11.000	2816.406	-0.041
6510.000	11.000	2816.406	-0.041
6520.000	11.000	2798.828	0.011
6530.000	11.000	2798.828	0.011
6540.000	11.000	2798.828	0.011
6550.000	11.000	2787.109	0.023
6560.000	11.000	2787.109	0.023
6570.000	11.000	2787.109	0.023
6580.000	11.000	2783.203	0.028
6590.000	11.000	2783.203	0.028
6600.000	11.000	2783.203	0.028
6610.000	11.000	2791.016	0.006
6620.000	11.000	2791.016	0.006
6630.000	11.000	2791.016	0.006
6640.000	11.000	2744.141	0.065
6650.000	11.000	2744.141	0.065
6660.000	11.000	2744.141	0.065
6670.000	11.000	2742.187	0.011
6680.000	11.000	2742.187	0.011
6690.000	11.000	2742.187	0.011
6700.000	11.000	2746.094	-0.032
6710.000	11.000	2746.094	-0.032
6720.000	11.000	2746.094	-0.032
6730.000	11.000	2728.516	-0.037
6740.000	11.000	2728.516	-0.037
6750.000	11.000	2728.516	-0.037
6760.000	11.000	2726.562	0.032
6770.000	11.000	2726.562	0.032
6780.000	11.000	2726.562	0.032
6790.000	11.000	2681.641	-0.048
6800.000	11.000	2681.641	-0.048
6810.000	11.000	2681.641	-0.048
6820.000	11.000	2658.203	0.064
6830.000	11.000	2658.203	0.064
6840.000	11.000	2658.203	0.064
6850.000	11.000	2644.531	-0.060
6860.000	11.000	2644.531	-0.060
6870.000	11.000	2644.531	-0.060
6880.000	11.000	2628.906	0.068
6890.000	11.000	2628.906	0.068
6900.000	11.000	2628.906	0.068
6910.000	11.000	2623.047	-0.055
6920.000	11.000	2623.047	-0.055
6930.000	11.000	2623.047	-0.055
6940.000	11.000	2628.906	0.010
6950.000	11.000	2628.906	0.010
6960.000	11.000	2628.906	0.010
6970.000	11.000	2591.797	0.146
6980.000	11.000	2591.797	0.146
6990.000	11.000	2591.797	0.146
7000.000	11.000	2595.703	-0.011
7010.000	11.000	2595.703	-0.011
7020.000	11.000	2595.703	-0.011
