%Time [ms]	Commanded Torque [mNm]	Angular Velocity [RPM]	Actual Current [Amp]	%3/17/202011:34 AM
0.000	0.000	0.000	0.000
20.000	9.000	9.766	-0.004
30.000	9.000	-5.859	-0.029
40.000	9.000	-5.859	-0.029
50.000	9.000	-5.859	-0.029
60.000	9.000	3.906	-0.030
70.000	9.000	3.906	-0.030
80.000	9.000	3.906	-0.030
90.000	9.000	9.766	-0.037
100.000	9.000	9.766	-0.037
110.000	9.000	9.766	-0.037
120.000	9.000	11.719	-0.006
130.000	9.000	11.719	-0.006
140.000	9.000	11.719	-0.006
150.000	9.000	37.109	0.003
160.000	9.000	37.109	0.003
170.000	9.000	37.109	0.003
180.000	9.000	19.531	-0.026
190.000	9.000	19.531	-0.026
200.000	9.000	19.531	-0.026
210.000	9.000	23.437	0.005
220.000	9.000	23.437	0.005
230.000	9.000	23.437	0.005
240.000	9.000	3.906	-0.001
250.000	9.000	3.906	-0.001
260.000	9.000	3.906	-0.001
270.000	9.000	7.812	-0.006
280.000	9.000	7.812	-0.006
290.000	9.000	7.812	-0.006
300.000	9.000	-35.156	0.012
310.000	9.000	-35.156	0.012
320.000	9.000	-35.156	0.012
330.000	9.000	17.578	-0.014
340.000	9.000	17.578	-0.014
350.000	9.000	17.578	-0.014
360.000	9.000	23.437	0.013
370.000	9.000	23.437	0.013
380.000	9.000	23.437	0.013
390.000	9.000	9.766	-0.005
400.000	9.000	9.766	-0.005
410.000	9.000	9.766	-0.005
420.000	9.000	9.766	0.014
430.000	9.000	9.766	0.014
440.000	9.000	9.766	0.014
450.000	9.000	-1.953	-0.020
460.000	9.000	-1.953	-0.020
470.000	9.000	-1.953	-0.020
480.000	9.000	13.672	0.000
490.000	9.000	13.672	0.000
500.000	9.000	13.672	0.000
510.000	9.000	0.000	-0.008
520.000	9.000	0.000	-0.008
530.000	9.000	0.000	-0.008
540.000	9.000	39.062	-0.006
550.000	9.000	39.062	-0.006
560.000	9.000	39.062	-0.006
570.000	9.000	15.625	-0.010
580.000	9.000	15.625	-0.010
590.000	9.000	15.625	-0.010
600.000	9.000	0.000	-0.001
610.000	9.000	0.000	-0.001
620.000	9.000	0.000	-0.001
630.000	9.000	3.906	-0.005
640.000	9.000	3.906	-0.005
650.000	9.000	3.906	-0.005
660.000	9.000	9.766	0.000
670.000	9.000	9.766	0.000
680.000	9.000	9.766	0.000
690.000	9.000	5.859	-0.011
700.000	9.000	5.859	-0.011
710.000	9.000	5.859	-0.011
720.000	9.000	21.484	-0.013
730.000	9.000	21.484	-0.013
740.000	9.000	21.484	-0.013
750.000	9.000	7.812	-0.009
760.000	9.000	7.812	-0.009
770.000	9.000	7.812	-0.009
780.000	9.000	39.062	0.005
790.000	9.000	39.062	0.005
800.000	9.000	39.062	0.005
810.000	9.000	9.766	-0.012
820.000	9.000	9.766	-0.012
830.000	9.000	9.766	-0.012
840.000	9.000	9.766	-0.013
850.000	9.000	9.766	-0.013
860.000	9.000	9.766	-0.013
870.000	9.000	33.203	-0.036
880.000	9.000	33.203	-0.036
890.000	9.000	33.203	-0.036
900.000	9.000	5.859	-0.013
910.000	9.000	5.859	-0.013
920.000	9.000	5.859	-0.013
930.000	9.000	15.625	-0.027
940.000	9.000	15.625	-0.027
950.000	9.000	15.625	-0.027
960.000	9.000	5.859	-0.001
970.000	9.000	5.859	-0.001
980.000	9.000	5.859	-0.001
990.000	9.000	23.437	-0.011
1000.000	9.000	23.437	-0.011
1010.000	9.000	23.437	-0.011
1020.000	9.000	11.719	-0.006
1030.000	9.000	11.719	-0.006
1040.000	9.000	11.719	-0.006
1050.000	9.000	9.766	-0.003
1060.000	9.000	9.766	-0.003
1070.000	9.000	9.766	-0.003
1080.000	9.000	5.859	-0.008
1090.000	9.000	5.859	-0.008
1100.000	9.000	5.859	-0.008
1110.000	9.000	7.812	0.289
1120.000	9.000	7.812	0.289
1130.000	9.000	7.812	0.289
1140.000	9.000	5.859	0.281
1150.000	9.000	5.859	0.281
1160.000	9.000	5.859	0.281
1170.000	9.000	17.578	0.244
1180.000	9.000	17.578	0.244
1190.000	9.000	17.578	0.244
1200.000	9.000	21.484	0.285
1210.000	9.000	21.484	0.285
1220.000	9.000	21.484	0.285
1230.000	9.000	60.547	0.270
1240.000	9.000	60.547	0.270
1250.000	9.000	60.547	0.270
1260.000	9.000	50.781	0.274
1270.000	9.000	50.781	0.274
1280.000	9.000	50.781	0.274
1290.000	9.000	89.844	0.271
1300.000	9.000	89.844	0.271
1310.000	9.000	89.844	0.271
1320.000	9.000	117.187	0.232
1330.000	9.000	117.187	0.232
1340.000	9.000	117.187	0.232
1350.000	9.000	136.719	0.264
1360.000	9.000	136.719	0.264
1370.000	9.000	136.719	0.264
1380.000	9.000	185.547	0.271
1390.000	9.000	185.547	0.271
1400.000	9.000	185.547	0.271
1410.000	9.000	164.062	0.294
1420.000	9.000	164.062	0.294
1430.000	9.000	164.062	0.294
1440.000	9.000	175.781	0.271
1450.000	9.000	175.781	0.271
1460.000	9.000	175.781	0.271
1470.000	9.000	218.750	0.268
1480.000	9.000	218.750	0.268
1490.000	9.000	218.750	0.268
1500.000	9.000	234.375	0.264
1510.000	9.000	234.375	0.264
1520.000	9.000	234.375	0.264
1530.000	9.000	230.469	0.306
1540.000	9.000	230.469	0.306
1550.000	9.000	230.469	0.306
1560.000	9.000	265.625	0.292
1570.000	9.000	265.625	0.292
1580.000	9.000	265.625	0.292
1590.000	9.000	267.578	0.258
1600.000	9.000	267.578	0.258
1610.000	9.000	267.578	0.258
1620.000	9.000	314.453	0.246
1630.000	9.000	314.453	0.246
1640.000	9.000	314.453	0.246
1650.000	9.000	314.453	0.251
1660.000	9.000	314.453	0.251
1670.000	9.000	314.453	0.251
1680.000	9.000	332.031	0.230
1690.000	9.000	332.031	0.230
1700.000	9.000	332.031	0.230
1710.000	9.000	357.422	0.289
1720.000	9.000	357.422	0.289
1730.000	9.000	357.422	0.289
1740.000	9.000	367.187	0.300
1750.000	9.000	367.187	0.300
1760.000	9.000	367.187	0.300
1770.000	9.000	388.672	0.244
1780.000	9.000	388.672	0.244
1790.000	9.000	388.672	0.244
1800.000	9.000	361.328	0.262
1810.000	9.000	361.328	0.262
1820.000	9.000	361.328	0.262
1830.000	9.000	416.016	0.338
1840.000	9.000	416.016	0.338
1850.000	9.000	416.016	0.338
1860.000	9.000	433.594	0.221
1870.000	9.000	433.594	0.221
1880.000	9.000	433.594	0.221
1890.000	9.000	427.734	0.268
1900.000	9.000	427.734	0.268
1910.000	9.000	427.734	0.268
1920.000	9.000	460.937	0.279
1930.000	9.000	460.937	0.279
1940.000	9.000	460.937	0.279
1950.000	9.000	498.047	0.259
1960.000	9.000	498.047	0.259
1970.000	9.000	498.047	0.259
1980.000	9.000	484.375	0.256
1990.000	9.000	484.375	0.256
2000.000	9.000	484.375	0.256
2010.000	9.000	513.672	0.291
2020.000	9.000	513.672	0.291
2030.000	9.000	513.672	0.291
2040.000	9.000	509.766	0.280
2050.000	9.000	509.766	0.280
2060.000	9.000	509.766	0.280
2070.000	9.000	537.109	0.265
2080.000	9.000	537.109	0.265
2090.000	9.000	537.109	0.265
2100.000	9.000	576.172	0.232
2110.000	9.000	576.172	0.232
2120.000	9.000	576.172	0.232
2130.000	9.000	578.125	0.277
2140.000	9.000	578.125	0.277
2150.000	9.000	578.125	0.277
2160.000	9.000	587.891	0.239
2170.000	9.000	587.891	0.239
2180.000	9.000	587.891	0.239
2190.000	9.000	636.719	0.341
2200.000	9.000	636.719	0.341
2210.000	9.000	636.719	0.341
2220.000	9.000	644.531	0.318
2230.000	9.000	644.531	0.318
2240.000	9.000	644.531	0.318
2250.000	9.000	667.969	0.214
2260.000	9.000	667.969	0.214
2270.000	9.000	667.969	0.214
2280.000	9.000	673.828	0.313
2290.000	9.000	673.828	0.313
2300.000	9.000	673.828	0.313
2310.000	9.000	666.016	0.242
2320.000	9.000	666.016	0.242
2330.000	9.000	666.016	0.242
2340.000	9.000	697.266	0.200
2350.000	9.000	697.266	0.200
2360.000	9.000	697.266	0.200
2370.000	9.000	742.187	0.262
2380.000	9.000	742.187	0.262
2390.000	9.000	742.187	0.262
2400.000	9.000	699.219	0.383
2410.000	9.000	699.219	0.383
2420.000	9.000	699.219	0.383
2430.000	9.000	728.516	0.258
2440.000	9.000	728.516	0.258
2450.000	9.000	728.516	0.258
2460.000	9.000	738.281	0.310
2470.000	9.000	738.281	0.310
2480.000	9.000	738.281	0.310
2490.000	9.000	759.766	0.352
2500.000	9.000	759.766	0.352
2510.000	9.000	759.766	0.352
2520.000	9.000	789.062	0.231
2530.000	9.000	789.062	0.231
2540.000	9.000	789.062	0.231
2550.000	9.000	804.687	0.270
2560.000	9.000	804.687	0.270
2570.000	9.000	804.687	0.270
2580.000	9.000	794.922	0.386
2590.000	9.000	794.922	0.386
2600.000	9.000	794.922	0.386
2610.000	9.000	828.125	0.340
2620.000	9.000	828.125	0.340
2630.000	9.000	828.125	0.340
2640.000	9.000	837.891	0.236
2650.000	9.000	837.891	0.236
2660.000	9.000	837.891	0.236
2670.000	9.000	865.234	0.265
2680.000	9.000	865.234	0.265
2690.000	9.000	865.234	0.265
2700.000	9.000	878.906	0.245
2710.000	9.000	878.906	0.245
2720.000	9.000	878.906	0.245
2730.000	9.000	888.672	0.220
2740.000	9.000	888.672	0.220
2750.000	9.000	888.672	0.220
2760.000	9.000	916.016	0.251
2770.000	9.000	916.016	0.251
2780.000	9.000	916.016	0.251
2790.000	9.000	921.875	0.370
2800.000	9.000	921.875	0.370
2810.000	9.000	921.875	0.370
2820.000	9.000	910.156	0.208
2830.000	9.000	910.156	0.208
2840.000	9.000	910.156	0.208
2850.000	9.000	933.594	0.242
2860.000	9.000	933.594	0.242
2870.000	9.000	933.594	0.242
2880.000	9.000	968.750	0.243
2890.000	9.000	968.750	0.243
2900.000	9.000	968.750	0.243
2910.000	9.000	1005.859	0.377
2920.000	9.000	1005.859	0.377
2930.000	9.000	1005.859	0.377
2940.000	9.000	996.094	0.334
2950.000	9.000	996.094	0.334
2960.000	9.000	996.094	0.334
2970.000	9.000	1007.812	0.242
2980.000	9.000	1007.812	0.242
2990.000	9.000	1007.812	0.242
3000.000	9.000	1044.922	0.326
3010.000	9.000	1044.922	0.326
3020.000	9.000	1044.922	0.326
3030.000	9.000	1042.969	0.180
3040.000	9.000	1042.969	0.180
3050.000	9.000	1042.969	0.180
3060.000	9.000	1056.641	0.271
3070.000	9.000	1056.641	0.271
3080.000	9.000	1056.641	0.271
3090.000	9.000	1103.516	0.261
3100.000	9.000	1103.516	0.261
3110.000	9.000	1103.516	0.261
3120.000	9.000	1089.844	0.235
3130.000	9.000	1089.844	0.235
3140.000	9.000	1089.844	0.235
3150.000	9.000	1091.797	0.238
3160.000	9.000	1091.797	0.238
3170.000	9.000	1091.797	0.238
3180.000	9.000	1128.906	0.229
3190.000	9.000	1128.906	0.229
3200.000	9.000	1128.906	0.229
3210.000	9.000	1132.812	0.196
3220.000	9.000	1132.812	0.196
3230.000	9.000	1132.812	0.196
3240.000	9.000	1140.625	0.273
3250.000	9.000	1140.625	0.273
3260.000	9.000	1140.625	0.273
3270.000	9.000	1181.641	0.234
3280.000	9.000	1181.641	0.234
3290.000	9.000	1181.641	0.234
3300.000	9.000	1117.187	0.437
3310.000	9.000	1117.187	0.437
3320.000	9.000	1117.187	0.437
3330.000	9.000	1193.359	0.234
3340.000	9.000	1193.359	0.234
3350.000	9.000	1193.359	0.234
3360.000	9.000	1187.500	0.256
3370.000	9.000	1187.500	0.256
3380.000	9.000	1187.500	0.256
3390.000	9.000	1205.078	0.278
3400.000	9.000	1205.078	0.278
3410.000	9.000	1205.078	0.278
3420.000	9.000	1220.703	0.188
3430.000	9.000	1220.703	0.188
3440.000	9.000	1220.703	0.188
3450.000	9.000	1253.906	0.249
3460.000	9.000	1253.906	0.249
3470.000	9.000	1253.906	0.249
3480.000	9.000	1244.141	0.271
3490.000	9.000	1244.141	0.271
3500.000	9.000	1244.141	0.271
3510.000	9.000	1265.625	0.258
3520.000	9.000	1265.625	0.258
3530.000	9.000	1265.625	0.258
3540.000	9.000	1291.016	0.235
3550.000	9.000	1291.016	0.235
3560.000	9.000	1291.016	0.235
3570.000	9.000	1289.062	0.198
3580.000	9.000	1289.062	0.198
3590.000	9.000	1289.062	0.198
3600.000	9.000	1302.734	0.245
3610.000	9.000	1302.734	0.245
3620.000	9.000	1302.734	0.245
3630.000	9.000	1345.703	0.249
3640.000	9.000	1345.703	0.249
3650.000	9.000	1345.703	0.249
3660.000	9.000	1337.891	0.248
3670.000	9.000	1337.891	0.248
3680.000	9.000	1337.891	0.248
3690.000	9.000	1339.844	0.302
3700.000	9.000	1339.844	0.302
3710.000	9.000	1339.844	0.302
3720.000	9.000	1353.516	0.232
3730.000	9.000	1353.516	0.232
3740.000	9.000	1353.516	0.232
3750.000	9.000	1369.141	0.321
3760.000	9.000	1369.141	0.321
3770.000	9.000	1369.141	0.321
3780.000	9.000	1386.719	0.221
3790.000	9.000	1386.719	0.221
3800.000	9.000	1386.719	0.221
3810.000	9.000	1392.578	0.253
3820.000	9.000	1392.578	0.253
3830.000	9.000	1392.578	0.253
3840.000	9.000	1396.484	0.221
3850.000	9.000	1396.484	0.221
3860.000	9.000	1396.484	0.221
3870.000	9.000	1437.500	0.374
3880.000	9.000	1437.500	0.374
3890.000	9.000	1437.500	0.374
3900.000	9.000	1439.453	0.238
3910.000	9.000	1439.453	0.238
3920.000	9.000	1439.453	0.238
3930.000	9.000	1464.844	0.352
3940.000	9.000	1464.844	0.352
3950.000	9.000	1464.844	0.352
3960.000	9.000	1472.656	0.388
3970.000	9.000	1472.656	0.388
3980.000	9.000	1472.656	0.388
3990.000	9.000	1482.422	0.241
4000.000	9.000	1482.422	0.241
4010.000	9.000	1482.422	0.241
4020.000	9.000	1505.859	0.235
4030.000	9.000	1505.859	0.235
4040.000	9.000	1505.859	0.235
4050.000	9.000	1521.484	0.227
4060.000	9.000	1521.484	0.227
4070.000	9.000	1521.484	0.227
4080.000	9.000	1527.344	0.199
4090.000	9.000	1527.344	0.199
4100.000	9.000	1527.344	0.199
4110.000	9.000	1539.062	0.216
4120.000	9.000	1539.062	0.216
4130.000	9.000	1539.062	0.216
4140.000	9.000	1556.641	0.271
4150.000	9.000	1556.641	0.271
4160.000	9.000	1556.641	0.271
4170.000	9.000	1535.156	0.226
4180.000	9.000	1535.156	0.226
4190.000	9.000	1535.156	0.226
4200.000	9.000	1578.125	0.254
4210.000	9.000	1578.125	0.254
4220.000	9.000	1578.125	0.254
4230.000	9.000	1607.422	0.229
4240.000	9.000	1607.422	0.229
4250.000	9.000	1607.422	0.229
4260.000	9.000	1617.187	0.182
4270.000	9.000	1617.187	0.182
4280.000	9.000	1617.187	0.182
4290.000	9.000	1603.516	0.267
4300.000	9.000	1603.516	0.267
4310.000	9.000	1603.516	0.267
4320.000	9.000	1611.328	0.190
4330.000	9.000	1611.328	0.190
4340.000	9.000	1611.328	0.190
4350.000	9.000	1638.672	0.234
4360.000	9.000	1638.672	0.234
4370.000	9.000	1638.672	0.234
4380.000	9.000	1656.250	0.193
4390.000	9.000	1656.250	0.193
4400.000	9.000	1656.250	0.193
4410.000	9.000	1654.297	0.479
4420.000	9.000	1654.297	0.479
4430.000	9.000	1654.297	0.479
4440.000	9.000	1687.500	0.216
4450.000	9.000	1687.500	0.216
4460.000	9.000	1687.500	0.216
4470.000	9.000	1685.547	0.264
4480.000	9.000	1685.547	0.264
4490.000	9.000	1685.547	0.264
4500.000	9.000	1734.375	0.234
4510.000	9.000	1734.375	0.234
4520.000	9.000	1734.375	0.234
4530.000	9.000	1714.844	0.260
4540.000	9.000	1714.844	0.260
4550.000	9.000	1714.844	0.260
4560.000	9.000	1746.094	0.220
4570.000	9.000	1746.094	0.220
4580.000	9.000	1746.094	0.220
4590.000	9.000	1751.953	0.253
4600.000	9.000	1751.953	0.253
4610.000	9.000	1751.953	0.253
4620.000	9.000	1748.047	0.201
4630.000	9.000	1748.047	0.201
4640.000	9.000	1748.047	0.201
4650.000	9.000	1798.828	0.234
4660.000	9.000	1798.828	0.234
4670.000	9.000	1798.828	0.234
4680.000	9.000	1781.250	0.210
4690.000	9.000	1781.250	0.210
4700.000	9.000	1781.250	0.210
4710.000	9.000	1818.359	0.201
4720.000	9.000	1818.359	0.201
4730.000	9.000	1818.359	0.201
4740.000	9.000	1822.266	0.217
4750.000	9.000	1822.266	0.217
4760.000	9.000	1822.266	0.217
4770.000	9.000	1830.078	0.220
4780.000	9.000	1830.078	0.220
4790.000	9.000	1830.078	0.220
4800.000	9.000	1826.172	0.245
4810.000	9.000	1826.172	0.245
4820.000	9.000	1826.172	0.245
4830.000	9.000	1851.562	0.253
4840.000	9.000	1851.562	0.253
4850.000	9.000	1851.562	0.253
4860.000	9.000	1867.187	0.236
4870.000	9.000	1867.187	0.236
4880.000	9.000	1867.187	0.236
4890.000	9.000	1890.625	0.236
4900.000	9.000	1890.625	0.236
4910.000	9.000	1890.625	0.236
4920.000	9.000	1880.859	0.236
4930.000	9.000	1880.859	0.236
4940.000	9.000	1880.859	0.236
4950.000	9.000	1890.625	0.443
4960.000	9.000	1890.625	0.443
4970.000	9.000	1890.625	0.443
4980.000	9.000	1902.344	0.292
4990.000	9.000	1902.344	0.292
5000.000	9.000	1902.344	0.292
5010.000	9.000	1941.406	0.280
5020.000	9.000	1941.406	0.280
5030.000	9.000	1941.406	0.280
5040.000	9.000	1927.734	0.225
5050.000	9.000	1927.734	0.225
5060.000	9.000	1927.734	0.225
5070.000	9.000	1941.406	0.254
5080.000	9.000	1941.406	0.254
5090.000	9.000	1941.406	0.254
5100.000	9.000	1917.969	0.250
5110.000	9.000	1917.969	0.250
5120.000	9.000	1917.969	0.250
5130.000	9.000	1958.984	0.215
5140.000	9.000	1958.984	0.215
5150.000	9.000	1958.984	0.215
5160.000	9.000	1976.562	0.301
5170.000	9.000	1976.562	0.301
5180.000	9.000	1976.562	0.301
5190.000	9.000	2019.531	0.134
5200.000	9.000	2019.531	0.134
5210.000	9.000	2019.531	0.134
5220.000	9.000	2003.906	0.278
5230.000	9.000	2003.906	0.278
5240.000	9.000	2003.906	0.278
5250.000	9.000	2007.812	0.247
5260.000	9.000	2007.812	0.247
5270.000	9.000	2007.812	0.247
5280.000	9.000	2041.016	0.388
5290.000	9.000	2041.016	0.388
5300.000	9.000	2041.016	0.388
5310.000	9.000	2054.687	0.322
5320.000	9.000	2054.687	0.322
5330.000	9.000	2054.687	0.322
5340.000	9.000	2039.062	0.222
5350.000	9.000	2039.062	0.222
5360.000	9.000	2039.062	0.222
5370.000	9.000	2078.125	0.312
5380.000	9.000	2078.125	0.312
5390.000	9.000	2078.125	0.312
5400.000	9.000	2070.312	0.312
5410.000	9.000	2070.312	0.312
5420.000	9.000	2070.312	0.312
5430.000	9.000	2091.797	0.192
5440.000	9.000	2091.797	0.192
5450.000	9.000	2091.797	0.192
5460.000	9.000	2087.891	0.366
5470.000	9.000	2087.891	0.366
5480.000	9.000	2087.891	0.366
5490.000	9.000	2097.656	0.388
5500.000	9.000	2097.656	0.388
5510.000	9.000	2097.656	0.388
5520.000	9.000	2117.187	0.269
5530.000	9.000	2117.187	0.269
5540.000	9.000	2117.187	0.269
5550.000	9.000	2152.344	0.276
5560.000	9.000	2152.344	0.276
5570.000	9.000	2152.344	0.276
5580.000	9.000	2166.016	0.138
5590.000	9.000	2166.016	0.138
5600.000	9.000	2166.016	0.138
5610.000	9.000	2181.641	0.191
5620.000	9.000	2181.641	0.191
5630.000	9.000	2181.641	0.191
5640.000	9.000	2162.109	0.216
5650.000	9.000	2162.109	0.216
5660.000	9.000	2162.109	0.216
5670.000	9.000	2173.828	0.244
5680.000	9.000	2173.828	0.244
5690.000	9.000	2173.828	0.244
5700.000	9.000	2214.844	0.398
5710.000	9.000	2214.844	0.398
5720.000	9.000	2214.844	0.398
5730.000	9.000	2197.266	0.275
5740.000	9.000	2197.266	0.275
5750.000	9.000	2197.266	0.275
5760.000	9.000	2203.125	0.329
5770.000	9.000	2203.125	0.329
5780.000	9.000	2203.125	0.329
5790.000	9.000	2236.328	0.223
5800.000	9.000	2236.328	0.223
5810.000	9.000	2236.328	0.223
5820.000	9.000	2255.859	0.244
5830.000	9.000	2255.859	0.244
5840.000	9.000	2255.859	0.244
5850.000	9.000	2250.000	0.213
5860.000	9.000	2250.000	0.213
5870.000	9.000	2250.000	0.213
5880.000	9.000	2273.437	0.338
5890.000	9.000	2273.437	0.338
5900.000	9.000	2273.437	0.338
5910.000	9.000	2277.344	0.253
5920.000	9.000	2277.344	0.253
5930.000	9.000	2277.344	0.253
5940.000	9.000	2279.297	0.370
5950.000	9.000	2279.297	0.370
5960.000	9.000	2279.297	0.370
5970.000	9.000	2332.031	0.262
5980.000	9.000	2332.031	0.262
5990.000	9.000	2332.031	0.262
6000.000	9.000	2294.922	0.202
6010.000	9.000	2294.922	0.202
6020.000	9.000	2294.922	0.202
6030.000	9.000	2318.359	0.217
6040.000	9.000	2318.359	0.217
6050.000	9.000	2318.359	0.217
6060.000	9.000	2347.656	0.446
6070.000	9.000	2347.656	0.446
6080.000	9.000	2347.656	0.446
6090.000	9.000	2341.797	0.328
6100.000	9.000	2341.797	0.328
6110.000	9.000	2341.797	0.328
6120.000	9.000	2335.937	-0.042
6130.000	9.000	2335.937	-0.042
6140.000	9.000	2335.937	-0.042
6150.000	9.000	2357.422	-0.030
6160.000	9.000	2357.422	-0.030
6170.000	9.000	2357.422	-0.030
6180.000	9.000	2318.359	-0.032
6190.000	9.000	2318.359	-0.032
6200.000	9.000	2318.359	-0.032
6210.000	9.000	2312.500	0.156
6220.000	9.000	2312.500	0.156
6230.000	9.000	2312.500	0.156
6240.000	9.000	2300.781	-0.051
6250.000	9.000	2300.781	-0.051
6260.000	9.000	2300.781	-0.051
6270.000	9.000	2279.297	-0.054
6280.000	9.000	2279.297	-0.054
6290.000	9.000	2279.297	-0.054
6300.000	9.000	2271.484	0.060
6310.000	9.000	2271.484	0.060
6320.000	9.000	2271.484	0.060
6330.000	9.000	2244.141	0.025
6340.000	9.000	2244.141	0.025
6350.000	9.000	2244.141	0.025
6360.000	9.000	2251.953	0.092
6370.000	9.000	2251.953	0.092
6380.000	9.000	2251.953	0.092
6390.000	9.000	2251.953	-0.040
6400.000	9.000	2251.953	-0.040
6410.000	9.000	2251.953	-0.040
6420.000	9.000	2230.469	-0.074
6430.000	9.000	2230.469	-0.074
6440.000	9.000	2230.469	-0.074
6450.000	9.000	2212.891	0.013
6460.000	9.000	2212.891	0.013
6470.000	9.000	2212.891	0.013
6480.000	9.000	2193.359	-0.030
6490.000	9.000	2193.359	-0.030
6500.000	9.000	2193.359	-0.030
6510.000	9.000	2208.984	-0.031
6520.000	9.000	2208.984	-0.031
6530.000	9.000	2208.984	-0.031
6540.000	9.000	2140.625	0.013
6550.000	9.000	2140.625	0.013
6560.000	9.000	2140.625	0.013
6570.000	9.000	2158.203	0.054
6580.000	9.000	2158.203	0.054
6590.000	9.000	2158.203	0.054
6600.000	9.000	2109.375	-0.045
6610.000	9.000	2109.375	-0.045
6620.000	9.000	2109.375	-0.045
6630.000	9.000	2134.766	-0.008
6640.000	9.000	2134.766	-0.008
6650.000	9.000	2134.766	-0.008
6660.000	9.000	2117.187	0.044
6670.000	9.000	2117.187	0.044
6680.000	9.000	2117.187	0.044
6690.000	9.000	2101.562	-0.027
6700.000	9.000	2101.562	-0.027
6710.000	9.000	2101.562	-0.027
6720.000	9.000	2089.844	0.126
6730.000	9.000	2089.844	0.126
6740.000	9.000	2089.844	0.126
6750.000	9.000	2093.750	0.027
6760.000	9.000	2093.750	0.027
6770.000	9.000	2093.750	0.027
6780.000	9.000	2076.172	-0.042
6790.000	9.000	2076.172	-0.042
6800.000	9.000	2076.172	-0.042
6810.000	9.000	2050.781	-0.065
6820.000	9.000	2050.781	-0.065
6830.000	9.000	2050.781	-0.065
6840.000	9.000	2048.828	-0.025
6850.000	9.000	2048.828	-0.025
6860.000	9.000	2048.828	-0.025
6870.000	9.000	2023.437	-0.010
6880.000	9.000	2023.437	-0.010
6890.000	9.000	2023.437	-0.010
6900.000	9.000	2025.391	-0.025
6910.000	9.000	2025.391	-0.025
6920.000	9.000	2025.391	-0.025
6930.000	9.000	2013.672	-0.042
6940.000	9.000	2013.672	-0.042
6950.000	9.000	2013.672	-0.042
6960.000	9.000	1994.141	-0.039
6970.000	9.000	1994.141	-0.039
6980.000	9.000	1994.141	-0.039
6990.000	9.000	1947.266	-0.038
7000.000	9.000	1947.266	-0.038
7010.000	9.000	1947.266	-0.038
7020.000	9.000	1958.984	-0.017
