%Time [ms]	Commanded Torque [mNm]	Angular Velocity [RPM]	Actual Current [Amp]	%3/17/202011:32 AM
0.000	0.000	0.000	0.000
20.000	10.000	-39.062	-0.009
30.000	10.000	-39.062	-0.009
40.000	10.000	11.719	-0.002
50.000	10.000	11.719	-0.002
60.000	10.000	11.719	-0.002
70.000	10.000	9.766	-0.002
80.000	10.000	9.766	-0.002
90.000	10.000	9.766	-0.002
100.000	10.000	-29.297	-0.009
110.000	10.000	-29.297	-0.009
120.000	10.000	-29.297	-0.009
130.000	10.000	9.766	0.003
140.000	10.000	9.766	0.003
150.000	10.000	9.766	0.003
160.000	10.000	9.766	-0.003
170.000	10.000	9.766	-0.003
180.000	10.000	9.766	-0.003
190.000	10.000	-7.812	-0.001
200.000	10.000	-7.812	-0.001
210.000	10.000	-7.812	-0.001
220.000	10.000	5.859	-0.006
230.000	10.000	5.859	-0.006
240.000	10.000	5.859	-0.006
250.000	10.000	3.906	0.019
260.000	10.000	3.906	0.019
270.000	10.000	3.906	0.019
280.000	10.000	11.719	0.004
290.000	10.000	11.719	0.004
300.000	10.000	11.719	0.004
310.000	10.000	-7.812	-0.007
320.000	10.000	-7.812	-0.007
330.000	10.000	-7.812	-0.007
340.000	10.000	3.906	-0.005
350.000	10.000	3.906	-0.005
360.000	10.000	3.906	-0.005
370.000	10.000	-3.906	-0.015
380.000	10.000	-3.906	-0.015
390.000	10.000	-3.906	-0.015
400.000	10.000	-1.953	-0.025
410.000	10.000	-1.953	-0.025
420.000	10.000	-1.953	-0.025
430.000	10.000	31.250	-0.013
440.000	10.000	31.250	-0.013
450.000	10.000	31.250	-0.013
460.000	10.000	13.672	0.012
470.000	10.000	13.672	0.012
480.000	10.000	13.672	0.012
490.000	10.000	5.859	-0.010
500.000	10.000	5.859	-0.010
510.000	10.000	5.859	-0.010
520.000	10.000	-17.578	0.003
530.000	10.000	-17.578	0.003
540.000	10.000	-17.578	0.003
550.000	10.000	-23.437	-0.003
560.000	10.000	-23.437	-0.003
570.000	10.000	-23.437	-0.003
580.000	10.000	0.000	-0.002
590.000	10.000	0.000	-0.002
600.000	10.000	0.000	-0.002
610.000	10.000	5.859	-0.008
620.000	10.000	5.859	-0.008
630.000	10.000	5.859	-0.008
640.000	10.000	11.719	0.016
650.000	10.000	11.719	0.016
660.000	10.000	11.719	0.016
670.000	10.000	15.625	-0.011
680.000	10.000	15.625	-0.011
690.000	10.000	15.625	-0.011
700.000	10.000	29.297	-0.002
710.000	10.000	29.297	-0.002
720.000	10.000	29.297	-0.002
730.000	10.000	13.672	0.003
740.000	10.000	13.672	0.003
750.000	10.000	13.672	0.003
760.000	10.000	1.953	-0.003
770.000	10.000	1.953	-0.003
780.000	10.000	1.953	-0.003
790.000	10.000	-27.344	-0.004
800.000	10.000	-27.344	-0.004
810.000	10.000	-27.344	-0.004
820.000	10.000	25.391	-0.001
830.000	10.000	25.391	-0.001
840.000	10.000	25.391	-0.001
850.000	10.000	3.906	-0.003
860.000	10.000	3.906	-0.003
870.000	10.000	3.906	-0.003
880.000	10.000	17.578	-0.006
890.000	10.000	17.578	-0.006
900.000	10.000	17.578	-0.006
910.000	10.000	9.766	0.014
920.000	10.000	9.766	0.014
930.000	10.000	9.766	0.014
940.000	10.000	9.766	-0.019
950.000	10.000	9.766	-0.019
960.000	10.000	9.766	-0.019
970.000	10.000	3.906	-0.010
980.000	10.000	3.906	-0.010
990.000	10.000	3.906	-0.010
1000.000	10.000	-15.625	-0.003
1010.000	10.000	-15.625	-0.003
1020.000	10.000	-15.625	-0.003
1030.000	10.000	35.156	-0.002
1040.000	10.000	35.156	-0.002
1050.000	10.000	35.156	-0.002
1060.000	10.000	7.812	-0.008
1070.000	10.000	7.812	-0.008
1080.000	10.000	7.812	-0.008
1090.000	10.000	-1.953	0.303
1100.000	10.000	-1.953	0.303
1110.000	10.000	-1.953	0.303
1120.000	10.000	11.719	0.292
1130.000	10.000	11.719	0.292
1140.000	10.000	11.719	0.292
1150.000	10.000	31.250	0.290
1160.000	10.000	31.250	0.290
1170.000	10.000	31.250	0.290
1180.000	10.000	56.641	0.256
1190.000	10.000	56.641	0.256
1200.000	10.000	56.641	0.256
1210.000	10.000	95.703	0.283
1220.000	10.000	95.703	0.283
1230.000	10.000	95.703	0.283
1240.000	10.000	97.656	0.293
1250.000	10.000	97.656	0.293
1260.000	10.000	97.656	0.293
1270.000	10.000	130.859	0.286
1280.000	10.000	130.859	0.286
1290.000	10.000	130.859	0.286
1300.000	10.000	128.906	0.295
1310.000	10.000	128.906	0.295
1320.000	10.000	128.906	0.295
1330.000	10.000	156.250	0.310
1340.000	10.000	156.250	0.310
1350.000	10.000	156.250	0.310
1360.000	10.000	167.969	0.269
1370.000	10.000	167.969	0.269
1380.000	10.000	167.969	0.269
1390.000	10.000	193.359	0.282
1400.000	10.000	193.359	0.282
1410.000	10.000	193.359	0.282
1420.000	10.000	208.984	0.309
1430.000	10.000	208.984	0.309
1440.000	10.000	208.984	0.309
1450.000	10.000	238.281	0.302
1460.000	10.000	238.281	0.302
1470.000	10.000	238.281	0.302
1480.000	10.000	259.766	0.280
1490.000	10.000	259.766	0.280
1500.000	10.000	259.766	0.280
1510.000	10.000	248.047	0.284
1520.000	10.000	248.047	0.284
1530.000	10.000	248.047	0.284
1540.000	10.000	306.641	0.293
1550.000	10.000	306.641	0.293
1560.000	10.000	306.641	0.293
1570.000	10.000	312.500	0.293
1580.000	10.000	312.500	0.293
1590.000	10.000	312.500	0.293
1600.000	10.000	355.469	0.282
1610.000	10.000	355.469	0.282
1620.000	10.000	355.469	0.282
1630.000	10.000	349.609	0.292
1640.000	10.000	349.609	0.292
1650.000	10.000	349.609	0.292
1660.000	10.000	359.375	0.273
1670.000	10.000	359.375	0.273
1680.000	10.000	359.375	0.273
1690.000	10.000	375.000	0.256
1700.000	10.000	375.000	0.256
1710.000	10.000	375.000	0.256
1720.000	10.000	392.578	0.264
1730.000	10.000	392.578	0.264
1740.000	10.000	392.578	0.264
1750.000	10.000	427.734	0.265
1760.000	10.000	427.734	0.265
1770.000	10.000	427.734	0.265
1780.000	10.000	453.125	0.281
1790.000	10.000	453.125	0.281
1800.000	10.000	453.125	0.281
1810.000	10.000	449.219	0.257
1820.000	10.000	449.219	0.257
1830.000	10.000	449.219	0.257
1840.000	10.000	486.328	0.297
1850.000	10.000	486.328	0.297
1860.000	10.000	486.328	0.297
1870.000	10.000	531.250	0.299
1880.000	10.000	531.250	0.299
1890.000	10.000	531.250	0.299
1900.000	10.000	517.578	0.185
1910.000	10.000	517.578	0.185
1920.000	10.000	517.578	0.185
1930.000	10.000	527.344	0.230
1940.000	10.000	527.344	0.230
1950.000	10.000	527.344	0.230
1960.000	10.000	544.922	0.295
1970.000	10.000	544.922	0.295
1980.000	10.000	544.922	0.295
1990.000	10.000	550.781	0.294
2000.000	10.000	550.781	0.294
2010.000	10.000	550.781	0.294
2020.000	10.000	574.219	0.273
2030.000	10.000	574.219	0.273
2040.000	10.000	574.219	0.273
2050.000	10.000	617.187	0.272
2060.000	10.000	617.187	0.272
2070.000	10.000	617.187	0.272
2080.000	10.000	628.906	0.208
2090.000	10.000	628.906	0.208
2100.000	10.000	628.906	0.208
2110.000	10.000	625.000	0.283
2120.000	10.000	625.000	0.283
2130.000	10.000	625.000	0.283
2140.000	10.000	636.719	0.363
2150.000	10.000	636.719	0.363
2160.000	10.000	636.719	0.363
2170.000	10.000	667.969	0.262
2180.000	10.000	667.969	0.262
2190.000	10.000	667.969	0.262
2200.000	10.000	656.250	0.345
2210.000	10.000	656.250	0.345
2220.000	10.000	656.250	0.345
2230.000	10.000	705.078	0.182
2240.000	10.000	705.078	0.182
2250.000	10.000	705.078	0.182
2260.000	10.000	710.937	0.337
2270.000	10.000	710.937	0.337
2280.000	10.000	710.937	0.337
2290.000	10.000	759.766	0.227
2300.000	10.000	759.766	0.227
2310.000	10.000	759.766	0.227
2320.000	10.000	734.375	0.360
2330.000	10.000	734.375	0.360
2340.000	10.000	734.375	0.360
2350.000	10.000	777.344	0.229
2360.000	10.000	777.344	0.229
2370.000	10.000	777.344	0.229
2380.000	10.000	783.203	0.351
2390.000	10.000	783.203	0.351
2400.000	10.000	783.203	0.351
2410.000	10.000	808.594	0.234
2420.000	10.000	808.594	0.234
2430.000	10.000	808.594	0.234
2440.000	10.000	837.891	0.217
2450.000	10.000	837.891	0.217
2460.000	10.000	837.891	0.217
2470.000	10.000	851.562	0.266
2480.000	10.000	851.562	0.266
2490.000	10.000	851.562	0.266
2500.000	10.000	828.125	0.228
2510.000	10.000	828.125	0.228
2520.000	10.000	828.125	0.228
2530.000	10.000	835.937	0.261
2540.000	10.000	835.937	0.261
2550.000	10.000	835.937	0.261
2560.000	10.000	898.437	0.248
2570.000	10.000	898.437	0.248
2580.000	10.000	898.437	0.248
2590.000	10.000	908.203	0.271
2600.000	10.000	908.203	0.271
2610.000	10.000	908.203	0.271
2620.000	10.000	937.500	0.257
2630.000	10.000	937.500	0.257
2640.000	10.000	937.500	0.257
2650.000	10.000	945.312	0.273
2660.000	10.000	945.312	0.273
2670.000	10.000	945.312	0.273
2680.000	10.000	951.172	0.245
2690.000	10.000	951.172	0.245
2700.000	10.000	951.172	0.245
2710.000	10.000	992.187	0.311
2720.000	10.000	992.187	0.311
2730.000	10.000	992.187	0.311
2740.000	10.000	1035.156	0.259
2750.000	10.000	1035.156	0.259
2760.000	10.000	1035.156	0.259
2770.000	10.000	994.141	0.290
2780.000	10.000	994.141	0.290
2790.000	10.000	994.141	0.290
2800.000	10.000	1029.297	0.253
2810.000	10.000	1029.297	0.253
2820.000	10.000	1029.297	0.253
2830.000	10.000	1029.297	0.288
2840.000	10.000	1029.297	0.288
2850.000	10.000	1029.297	0.288
2860.000	10.000	1056.641	0.250
2870.000	10.000	1056.641	0.250
2880.000	10.000	1056.641	0.250
2890.000	10.000	1072.266	0.269
2900.000	10.000	1072.266	0.269
2910.000	10.000	1072.266	0.269
2920.000	10.000	1082.031	0.224
2930.000	10.000	1082.031	0.224
2940.000	10.000	1082.031	0.224
2950.000	10.000	1099.609	0.229
2960.000	10.000	1099.609	0.229
2970.000	10.000	1099.609	0.229
2980.000	10.000	1103.516	0.356
2990.000	10.000	1103.516	0.356
3000.000	10.000	1103.516	0.356
3010.000	10.000	1130.859	0.258
3020.000	10.000	1130.859	0.258
3030.000	10.000	1130.859	0.258
3040.000	10.000	1142.578	0.244
3050.000	10.000	1142.578	0.244
3060.000	10.000	1142.578	0.244
3070.000	10.000	1189.453	0.258
3080.000	10.000	1189.453	0.258
3090.000	10.000	1189.453	0.258
3100.000	10.000	1171.875	0.253
3110.000	10.000	1171.875	0.253
3120.000	10.000	1171.875	0.253
3130.000	10.000	1203.125	0.235
3140.000	10.000	1203.125	0.235
3150.000	10.000	1203.125	0.235
3160.000	10.000	1234.375	0.260
3170.000	10.000	1234.375	0.260
3180.000	10.000	1234.375	0.260
3190.000	10.000	1261.719	0.266
3200.000	10.000	1261.719	0.266
3210.000	10.000	1261.719	0.266
3220.000	10.000	1248.047	0.405
3230.000	10.000	1248.047	0.405
3240.000	10.000	1248.047	0.405
3250.000	10.000	1240.234	0.317
3260.000	10.000	1240.234	0.317
3270.000	10.000	1240.234	0.317
3280.000	10.000	1269.531	0.270
3290.000	10.000	1269.531	0.270
3300.000	10.000	1269.531	0.270
3310.000	10.000	1289.062	0.391
3320.000	10.000	1289.062	0.391
3330.000	10.000	1289.062	0.391
3340.000	10.000	1308.594	0.247
3350.000	10.000	1308.594	0.247
3360.000	10.000	1308.594	0.247
3370.000	10.000	1333.984	0.367
3380.000	10.000	1333.984	0.367
3390.000	10.000	1333.984	0.367
3400.000	10.000	1320.312	0.279
3410.000	10.000	1320.312	0.279
3420.000	10.000	1320.312	0.279
3430.000	10.000	1365.234	0.283
3440.000	10.000	1365.234	0.283
3450.000	10.000	1365.234	0.283
3460.000	10.000	1363.281	0.276
3470.000	10.000	1363.281	0.276
3480.000	10.000	1363.281	0.276
3490.000	10.000	1402.344	0.251
3500.000	10.000	1402.344	0.251
3510.000	10.000	1402.344	0.251
3520.000	10.000	1390.625	0.216
3530.000	10.000	1390.625	0.216
3540.000	10.000	1390.625	0.216
3550.000	10.000	1427.734	0.272
3560.000	10.000	1427.734	0.272
3570.000	10.000	1427.734	0.272
3580.000	10.000	1435.547	0.286
3590.000	10.000	1435.547	0.286
3600.000	10.000	1435.547	0.286
3610.000	10.000	1466.797	0.373
3620.000	10.000	1466.797	0.373
3630.000	10.000	1466.797	0.373
3640.000	10.000	1458.984	0.289
3650.000	10.000	1458.984	0.289
3660.000	10.000	1458.984	0.289
3670.000	10.000	1476.562	0.371
3680.000	10.000	1476.562	0.371
3690.000	10.000	1476.562	0.371
3700.000	10.000	1486.328	0.270
3710.000	10.000	1486.328	0.270
3720.000	10.000	1486.328	0.270
3730.000	10.000	1517.578	0.328
3740.000	10.000	1517.578	0.328
3750.000	10.000	1517.578	0.328
3760.000	10.000	1494.141	0.229
3770.000	10.000	1494.141	0.229
3780.000	10.000	1494.141	0.229
3790.000	10.000	1541.016	0.221
3800.000	10.000	1541.016	0.221
3810.000	10.000	1541.016	0.221
3820.000	10.000	1578.125	0.297
3830.000	10.000	1578.125	0.297
3840.000	10.000	1578.125	0.297
3850.000	10.000	1570.312	0.272
3860.000	10.000	1570.312	0.272
3870.000	10.000	1570.312	0.272
3880.000	10.000	1585.937	0.417
3890.000	10.000	1585.937	0.417
3900.000	10.000	1585.937	0.417
3910.000	10.000	1613.281	0.285
3920.000	10.000	1613.281	0.285
3930.000	10.000	1613.281	0.285
3940.000	10.000	1593.750	0.397
3950.000	10.000	1593.750	0.397
3960.000	10.000	1593.750	0.397
3970.000	10.000	1642.578	0.262
3980.000	10.000	1642.578	0.262
3990.000	10.000	1642.578	0.262
4000.000	10.000	1605.469	0.257
4010.000	10.000	1605.469	0.257
4020.000	10.000	1605.469	0.257
4030.000	10.000	1615.234	0.199
4040.000	10.000	1615.234	0.199
4050.000	10.000	1615.234	0.199
4060.000	10.000	1667.969	0.404
4070.000	10.000	1667.969	0.404
4080.000	10.000	1667.969	0.404
4090.000	10.000	1705.078	0.242
4100.000	10.000	1705.078	0.242
4110.000	10.000	1705.078	0.242
4120.000	10.000	1712.891	0.272
4130.000	10.000	1712.891	0.272
4140.000	10.000	1712.891	0.272
4150.000	10.000	1714.844	0.258
4160.000	10.000	1714.844	0.258
4170.000	10.000	1714.844	0.258
4180.000	10.000	1746.094	0.228
4190.000	10.000	1746.094	0.228
4200.000	10.000	1746.094	0.228
4210.000	10.000	1742.187	0.233
4220.000	10.000	1742.187	0.233
4230.000	10.000	1742.187	0.233
4240.000	10.000	1753.906	0.256
4250.000	10.000	1753.906	0.256
4260.000	10.000	1753.906	0.256
4270.000	10.000	1775.391	0.263
4280.000	10.000	1775.391	0.263
4290.000	10.000	1775.391	0.263
4300.000	10.000	1789.062	0.369
4310.000	10.000	1789.062	0.369
4320.000	10.000	1789.062	0.369
4330.000	10.000	1810.547	0.250
4340.000	10.000	1810.547	0.250
4350.000	10.000	1810.547	0.250
4360.000	10.000	1798.828	0.352
4370.000	10.000	1798.828	0.352
4380.000	10.000	1798.828	0.352
4390.000	10.000	1798.828	0.266
4400.000	10.000	1798.828	0.266
4410.000	10.000	1798.828	0.266
4420.000	10.000	1816.406	0.282
4430.000	10.000	1816.406	0.282
4440.000	10.000	1816.406	0.282
4450.000	10.000	1880.859	0.420
4460.000	10.000	1880.859	0.420
4470.000	10.000	1880.859	0.420
4480.000	10.000	1837.891	0.316
4490.000	10.000	1837.891	0.316
4500.000	10.000	1837.891	0.316
4510.000	10.000	1873.047	0.490
4520.000	10.000	1873.047	0.490
4530.000	10.000	1873.047	0.490
4540.000	10.000	1923.828	0.315
4550.000	10.000	1923.828	0.315
4560.000	10.000	1923.828	0.315
4570.000	10.000	1898.437	0.386
4580.000	10.000	1898.437	0.386
4590.000	10.000	1898.437	0.386
4600.000	10.000	1939.453	0.272
4610.000	10.000	1939.453	0.272
4620.000	10.000	1939.453	0.272
4630.000	10.000	1970.703	0.233
4640.000	10.000	1970.703	0.233
4650.000	10.000	1970.703	0.233
4660.000	10.000	1953.125	0.280
4670.000	10.000	1953.125	0.280
4680.000	10.000	1953.125	0.280
4690.000	10.000	1960.937	0.216
4700.000	10.000	1960.937	0.216
4710.000	10.000	1960.937	0.216
4720.000	10.000	1964.844	0.239
4730.000	10.000	1964.844	0.239
4740.000	10.000	1964.844	0.239
4750.000	10.000	1982.422	0.260
4760.000	10.000	1982.422	0.260
4770.000	10.000	1982.422	0.260
4780.000	10.000	1992.187	0.279
4790.000	10.000	1992.187	0.279
4800.000	10.000	1992.187	0.279
4810.000	10.000	2066.406	0.239
4820.000	10.000	2066.406	0.239
4830.000	10.000	2066.406	0.239
4840.000	10.000	2031.250	0.268
4850.000	10.000	2031.250	0.268
4860.000	10.000	2031.250	0.268
4870.000	10.000	2042.969	0.245
4880.000	10.000	2042.969	0.245
4890.000	10.000	2042.969	0.245
4900.000	10.000	2029.297	0.439
4910.000	10.000	2029.297	0.439
4920.000	10.000	2029.297	0.439
4930.000	10.000	2078.125	0.305
4940.000	10.000	2078.125	0.305
4950.000	10.000	2078.125	0.305
4960.000	10.000	2087.891	0.198
4970.000	10.000	2087.891	0.198
4980.000	10.000	2087.891	0.198
4990.000	10.000	2111.328	0.237
5000.000	10.000	2111.328	0.237
5010.000	10.000	2111.328	0.237
5020.000	10.000	2123.047	0.210
5030.000	10.000	2123.047	0.210
5040.000	10.000	2123.047	0.210
5050.000	10.000	2109.375	0.390
5060.000	10.000	2109.375	0.390
5070.000	10.000	2109.375	0.390
5080.000	10.000	2167.969	0.377
5090.000	10.000	2167.969	0.377
5100.000	10.000	2167.969	0.377
5110.000	10.000	2132.812	0.289
5120.000	10.000	2132.812	0.289
5130.000	10.000	2132.812	0.289
5140.000	10.000	2173.828	0.459
5150.000	10.000	2173.828	0.459
5160.000	10.000	2173.828	0.459
5170.000	10.000	2171.875	0.274
5180.000	10.000	2171.875	0.274
5190.000	10.000	2171.875	0.274
5200.000	10.000	2216.797	0.278
5210.000	10.000	2216.797	0.278
5220.000	10.000	2216.797	0.278
5230.000	10.000	2205.078	0.266
5240.000	10.000	2205.078	0.266
5250.000	10.000	2205.078	0.266
5260.000	10.000	2236.328	0.371
5270.000	10.000	2236.328	0.371
5280.000	10.000	2236.328	0.371
5290.000	10.000	2230.469	0.259
5300.000	10.000	2230.469	0.259
5310.000	10.000	2230.469	0.259
5320.000	10.000	2244.141	0.273
5330.000	10.000	2244.141	0.273
5340.000	10.000	2244.141	0.273
5350.000	10.000	2253.906	0.162
5360.000	10.000	2253.906	0.162
5370.000	10.000	2253.906	0.162
5380.000	10.000	2273.437	0.427
5390.000	10.000	2273.437	0.427
5400.000	10.000	2273.437	0.427
5410.000	10.000	2294.922	0.521
5420.000	10.000	2294.922	0.521
5430.000	10.000	2294.922	0.521
5440.000	10.000	2294.922	0.328
5450.000	10.000	2294.922	0.328
5460.000	10.000	2294.922	0.328
5470.000	10.000	2302.734	0.317
5480.000	10.000	2302.734	0.317
5490.000	10.000	2302.734	0.317
5500.000	10.000	2341.797	0.122
5510.000	10.000	2341.797	0.122
5520.000	10.000	2341.797	0.122
5530.000	10.000	2332.031	0.405
5540.000	10.000	2332.031	0.405
5550.000	10.000	2332.031	0.405
5560.000	10.000	2345.703	0.432
5570.000	10.000	2345.703	0.432
5580.000	10.000	2345.703	0.432
5590.000	10.000	2363.281	0.185
5600.000	10.000	2363.281	0.185
5610.000	10.000	2363.281	0.185
5620.000	10.000	2376.953	0.196
5630.000	10.000	2376.953	0.196
5640.000	10.000	2376.953	0.196
5650.000	10.000	2378.906	0.317
5660.000	10.000	2378.906	0.317
5670.000	10.000	2378.906	0.317
5680.000	10.000	2406.250	0.197
5690.000	10.000	2406.250	0.197
5700.000	10.000	2406.250	0.197
5710.000	10.000	2412.109	0.272
5720.000	10.000	2412.109	0.272
5730.000	10.000	2412.109	0.272
5740.000	10.000	2435.547	0.335
5750.000	10.000	2435.547	0.335
5760.000	10.000	2435.547	0.335
5770.000	10.000	2455.078	0.259
5780.000	10.000	2455.078	0.259
5790.000	10.000	2455.078	0.259
5800.000	10.000	2435.547	0.291
5810.000	10.000	2435.547	0.291
5820.000	10.000	2435.547	0.291
5830.000	10.000	2476.562	0.280
5840.000	10.000	2476.562	0.280
5850.000	10.000	2476.562	0.280
5860.000	10.000	2488.281	0.138
5870.000	10.000	2488.281	0.138
5880.000	10.000	2488.281	0.138
5890.000	10.000	2486.328	0.268
5900.000	10.000	2486.328	0.268
5910.000	10.000	2486.328	0.268
5920.000	10.000	2484.375	0.486
5930.000	10.000	2484.375	0.486
5940.000	10.000	2484.375	0.486
5950.000	10.000	2525.391	0.377
5960.000	10.000	2525.391	0.377
5970.000	10.000	2525.391	0.377
5980.000	10.000	2515.625	0.257
5990.000	10.000	2515.625	0.257
6000.000	10.000	2515.625	0.257
6010.000	10.000	2525.391	0.504
6020.000	10.000	2525.391	0.504
6030.000	10.000	2525.391	0.504
6040.000	10.000	2521.484	0.237
6050.000	10.000	2521.484	0.237
6060.000	10.000	2521.484	0.237
6070.000	10.000	2558.594	0.251
6080.000	10.000	2558.594	0.251
6090.000	10.000	2558.594	0.251
6100.000	10.000	2554.687	0.022
6110.000	10.000	2554.687	0.022
6120.000	10.000	2554.687	0.022
6130.000	10.000	2560.547	-0.005
6140.000	10.000	2560.547	-0.005
6150.000	10.000	2560.547	-0.005
6160.000	10.000	2572.266	0.003
6170.000	10.000	2572.266	0.003
6180.000	10.000	2572.266	0.003
6190.000	10.000	2525.391	0.025
6200.000	10.000	2525.391	0.025
6210.000	10.000	2525.391	0.025
6220.000	10.000	2505.859	-0.086
6230.000	10.000	2505.859	-0.086
6240.000	10.000	2505.859	-0.086
6250.000	10.000	2501.953	-0.060
6260.000	10.000	2501.953	-0.060
6270.000	10.000	2501.953	-0.060
6280.000	10.000	2460.937	-0.074
6290.000	10.000	2460.937	-0.074
6300.000	10.000	2460.937	-0.074
6310.000	10.000	2457.031	0.022
6320.000	10.000	2457.031	0.022
6330.000	10.000	2457.031	0.022
6340.000	10.000	2468.750	-0.045
6350.000	10.000	2468.750	-0.045
6360.000	10.000	2468.750	-0.045
6370.000	10.000	2451.172	-0.065
6380.000	10.000	2451.172	-0.065
6390.000	10.000	2451.172	-0.065
6400.000	10.000	2447.266	0.023
6410.000	10.000	2447.266	0.023
6420.000	10.000	2447.266	0.023
6430.000	10.000	2425.781	0.048
6440.000	10.000	2425.781	0.048
6450.000	10.000	2425.781	0.048
6460.000	10.000	2406.250	-0.054
6470.000	10.000	2406.250	-0.054
6480.000	10.000	2406.250	-0.054
6490.000	10.000	2416.016	0.001
6500.000	10.000	2416.016	0.001
6510.000	10.000	2416.016	0.001
6520.000	10.000	2390.625	-0.018
6530.000	10.000	2390.625	-0.018
6540.000	10.000	2390.625	-0.018
6550.000	10.000	2400.391	0.002
6560.000	10.000	2400.391	0.002
6570.000	10.000	2400.391	0.002
6580.000	10.000	2349.609	-0.015
6590.000	10.000	2349.609	-0.015
6600.000	10.000	2349.609	-0.015
6610.000	10.000	2328.125	0.087
6620.000	10.000	2328.125	0.087
6630.000	10.000	2328.125	0.087
6640.000	10.000	2357.422	-0.020
6650.000	10.000	2357.422	-0.020
6660.000	10.000	2357.422	-0.020
6670.000	10.000	2312.500	-0.004
6680.000	10.000	2312.500	-0.004
6690.000	10.000	2312.500	-0.004
6700.000	10.000	2316.406	-0.005
6710.000	10.000	2316.406	-0.005
6720.000	10.000	2316.406	-0.005
6730.000	10.000	2310.547	0.051
6740.000	10.000	2310.547	0.051
6750.000	10.000	2310.547	0.051
6760.000	10.000	2275.391	-0.063
6770.000	10.000	2275.391	-0.063
6780.000	10.000	2275.391	-0.063
6790.000	10.000	2287.109	0.131
6800.000	10.000	2287.109	0.131
6810.000	10.000	2287.109	0.131
6820.000	10.000	2275.391	0.055
6830.000	10.000	2275.391	0.055
6840.000	10.000	2275.391	0.055
6850.000	10.000	2232.422	-0.052
6860.000	10.000	2232.422	-0.052
6870.000	10.000	2232.422	-0.052
6880.000	10.000	2244.141	0.006
6890.000	10.000	2244.141	0.006
6900.000	10.000	2244.141	0.006
6910.000	10.000	2246.094	-0.050
6920.000	10.000	2246.094	-0.050
6930.000	10.000	2246.094	-0.050
6940.000	10.000	2197.266	0.074
6950.000	10.000	2197.266	0.074
6960.000	10.000	2197.266	0.074
6970.000	10.000	2187.500	0.002
6980.000	10.000	2187.500	0.002
6990.000	10.000	2187.500	0.002
7000.000	10.000	2171.875	-0.003
7010.000	10.000	2171.875	-0.003
7020.000	10.000	2171.875	-0.003
