%Time (sec)	TC 1	TC 2	TC 3	TC 4	TC 5	TC 6	TC 7 	TC 8 - Near Heater						10/17/2019	2:41 PM						
230	16.7	16.6	16.8	16.8	16.8	16.9	16.9	17							
240	16.7	16.6	16.8	16.8	16.8	16.9	16.9	17.1							
250	16.7	16.6	16.8	16.8	16.8	16.9	17	17.2							
260	16.7	16.6	16.8	16.8	16.8	17	17.1	17.3							
270	16.7	16.7	16.8	16.8	16.9	17	17.2	17.4							
280	16.7	16.7	16.8	16.9	17	17.1	17.3	17.6							
290	16.7	16.7	16.8	16.9	17	17.2	17.5	17.8							
300	16.7	16.7	16.9	17	17.1	17.3	17.6	17.9							
310	16.7	16.7	16.9	17	17.2	17.5	17.8	18.1							
320	16.8	16.8	17	17.1	17.3	17.6	17.9	18.3							
330	16.8	16.8	17	17.2	17.5	17.7	18.1	18.5							
340	16.8	16.9	17.1	17.3	17.6	17.9	18.3	18.7							
350	16.9	17	17.2	17.4	17.7	18	18.4	18.9							
360	16.9	17	17.3	17.5	17.8	18.2	18.6	19.1							
370	16.9	17.1	17.3	17.6	18	18.3	18.8	19.3							
380	17	17.1	17.4	17.7	18.1	18.5	19	19.5							
390	17	17.2	17.5	17.8	18.2	18.6	19.1	19.6							
400	17.1	17.3	17.6	17.9	18.4	18.8	19.3	19.8							
410	17.1	17.4	17.7	18	18.5	18.9	19.5	20							
420	17.2	17.4	17.8	18.1	18.6	19.1	19.6	20.2							
430	17.2	17.5	17.9	18.2	18.8	19.2	19.8	20.4							
440	17.3	17.6	17.9	18.3	18.9	19.4	20	20.5							
450	17.3	17.6	18	18.4	19	19.5	20.1	20.7							
460	17.4	17.7	18.1	18.5	19.1	19.6	20.3	20.9							
470	17.4	17.8	18.2	18.6	19.3	19.8	20.4	21							
480	17.5	17.8	18.3	18.8	19.4	19.9	20.6	21.2							
490	17.6	17.9	18.4	18.9	19.5	20.1	20.7	21.4							
500	17.6	18	18.5	19	19.6	20.2	20.9	21.5							
510	17.7	18.1	18.6	19.1	19.8	20.3	21	21.7							
520	17.7	18.1	18.7	19.2	19.9	20.5	21.2	21.8							
530	17.8	18.2	18.8	19.3	20	20.6	21.3	22							
540	17.8	18.3	18.8	19.4	20.1	20.7	21.4	22.1							
550	17.8	18.3	18.9	19.5	20.2	20.8	21.6	22.2							
560	17.9	18.4	19	19.6	20.3	20.9	21.7	22.4							
570	18	18.5	19.1	19.7	20.4	21.1	21.8	22.5							
580	18	18.5	19.1	19.7	20.5	21.2	22	22.7							
590	18	18.6	19.2	19.8	20.6	21.3	22.1	22.8							
600	18.1	18.7	19.3	19.9	20.7	21.4	22.2	22.9							
610	18.1	18.7	19.4	20	20.8	21.5	22.3	23.1							
620	18.2	18.8	19.4	20.1	20.9	21.6	22.4	23.2							
630	18.2	18.8	19.5	20.2	21	21.7	22.6	23.3							
640	18.3	18.9	19.6	20.2	21.1	21.8	22.7	23.4							
650	18.3	18.9	19.6	20.3	21.2	21.9	22.8	23.6							
660	18.4	19	19.7	20.4	21.3	22	22.9	23.7							
670	18.4	19	19.8	20.5	21.4	22.1	23	23.8							
680	18.4	19.1	19.8	20.6	21.5	22.2	23.1	23.9							
690	18.5	19.2	19.9	20.6	21.6	22.3	23.2	24							
700	18.5	19.2	20	20.7	21.7	22.4	23.3	24.1							
710	18.6	19.3	20	20.8	21.7	22.5	23.4	24.2							
720	18.6	19.3	20.1	20.9	21.8	22.6	23.5	24.3							
730	18.6	19.3	20.1	20.9	21.9	22.7	23.6	24.4							
740	18.7	19.4	20.2	21	22	22.7	23.7	24.5							
750	18.7	19.5	20.3	21.1	22	22.8	23.8	24.6							
760	18.7	19.5	20.3	21.1	22.1	22.9	23.9	24.7							
770	18.8	19.5	20.4	21.2	22.2	23	24	24.8							
780	18.8	19.6	20.4	21.3	22.3	23.1	24.1	24.9							
790	18.8	19.6	20.5	21.3	22.3	23.1	24.1	25							
800	18.9	19.7	20.5	21.4	22.4	23.2	24.2	25.1							
810	18.9	19.7	20.6	21.4	22.5	23.3	24.3	25.2							
820	18.9	19.8	20.6	21.5	22.5	23.4	24.4	25.3							
830	19	19.8	20.7	21.6	22.6	23.4	24.5	25.3							
840	19	19.8	20.7	21.6	22.7	23.5	24.5	25.4							
850	19	19.9	20.8	21.7	22.7	23.6	24.6	25.5							
860	19.1	19.9	20.8	21.7	22.8	23.7	24.7	25.6							
870	19.1	19.9	20.9	21.8	22.8	23.7	24.8	25.6							
880	19.1	20	20.9	21.8	22.9	23.8	24.8	25.7							
890	19.1	20	21	21.9	23	23.9	24.9	25.8							
900	19.2	20	21	21.9	23	23.9	25	25.9							
910	19.2	20.1	21.1	22	23.1	24	25	25.9							
920	19.2	20.1	21.1	22	23.1	24	25.1	26							
930	19.2	20.1	21.1	22.1	23.2	24.1	25.2	26.1							
940	19.3	20.2	21.2	22.1	23.2	24.2	25.2	26.1							
950	19.3	20.2	21.2	22.2	23.3	24.2	25.3	26.2							
960	19.3	20.2	21.2	22.2	23.3	24.3	25.4	26.3							
970	19.3	20.3	21.3	22.2	23.4	24.3	25.4	26.3							
980	19.4	20.3	21.3	22.3	23.4	24.4	25.5	26.4							
990	19.4	20.3	21.4	22.3	23.5	24.4	25.5	26.5							
1000	19.4	20.4	21.4	22.4	23.5	24.5	25.6	26.5							
1010	19.4	20.4	21.4	22.4	23.6	24.5	25.6	26.6							
1020	19.5	20.4	21.5	22.5	23.6	24.6	25.7	26.7							
1030	19.5	20.4	21.5	22.5	23.7	24.6	25.7	26.7							
1040	19.5	20.5	21.5	22.5	23.7	24.7	25.8	26.8							
1050	19.5	20.5	21.6	22.6	23.8	24.7	25.9	26.8							
1060	19.5	20.5	21.6	22.6	23.8	24.8	25.9	26.9							
1070	19.6	20.5	21.6	22.6	23.8	24.8	26	26.9							
1080	19.6	20.6	21.7	22.7	23.9	24.9	26	27							
1090	19.6	20.6	21.7	22.7	23.9	24.9	26.1	27							
1100	19.6	20.6	21.7	22.7	24	25	26.1	27.1							
1110	19.6	20.6	21.7	22.8	24	25	26.2	27.1							
1120	19.7	20.7	21.8	22.8	24	25	26.2	27.2							
1130	19.7	20.7	21.8	22.8	24.1	25.1	26.2	27.2							
1140	19.7	20.7	21.8	22.9	24.1	25.1	26.3	27.3							
1150	19.7	20.7	21.9	22.9	24.2	25.2	26.3	27.3							
1160	19.7	20.7	21.9	22.9	24.2	25.2	26.4	27.4							
1170	19.7	20.8	21.9	23	24.2	25.2	26.4	27.4							
1180	19.7	20.8	21.9	23	24.2	25.3	26.4	27.5							
1190	19.8	20.8	21.9	23	24.3	25.3	26.5	27.5							
1200	19.8	20.8	22	23	24.3	25.3	26.5	27.6							
1210	19.8	20.8	22	23.1	24.3	25.4	26.6	27.6							
1220	19.8	20.9	22	23.1	24.4	25.4	26.6	27.6							
1230	19.8	20.9	22	23.1	24.4	25.4	26.6	27.7							
1240	19.8	20.9	22.1	23.2	24.4	25.5	26.7	27.7							
1250	19.8	20.9	22.1	23.2	24.4	25.5	26.7	27.7							
1260	19.9	20.9	22.1	23.2	24.5	25.5	26.8	27.8							
1270	19.9	21	22.1	23.2	24.5	25.6	26.8	27.8							
1280	19.9	21	22.2	23.3	24.6	25.6	26.8	27.9							
1290	19.9	21	22.2	23.3	24.6	25.6	26.8	27.9							
1300	19.9	21	22.2	23.3	24.6	25.7	26.9	27.9							
1310	19.9	21	22.2	23.3	24.6	25.7	26.9	28							
1320	19.9	21	22.2	23.4	24.7	25.7	27	28							
1330	19.9	21.1	22.3	23.4	24.7	25.8	27	28.1							
1340	20	21.1	22.3	23.4	24.7	25.8	27	28.1							
1350	20	21.1	22.3	23.4	24.7	25.8	27	28.1							
1360	20	21.1	22.3	23.5	24.8	25.8	27.1	28.2							
1370	20	21.1	22.3	23.5	24.8	25.9	27.1	28.2							
1380	20	21.1	22.3	23.5	24.8	25.9	27.1	28.2							
1390	20	21.1	22.4	23.5	24.8	25.9	27.1	28.2							
1400	20	21.2	22.4	23.5	24.8	25.9	27.2	28.3							
1410	20	21.2	22.4	23.5	24.9	26	27.2	28.3							
1420	20	21.2	22.4	23.5	24.9	26	27.2	28.3							
1430	20.1	21.2	22.4	23.6	24.9	26	27.3	28.4							
1440	20.1	21.2	22.4	23.6	24.9	26	27.3	28.4							
1450	20.1	21.2	22.5	23.6	25	26	27.3	28.4							
1460	20.1	21.2	22.5	23.6	25	26.1	27.3	28.4							
1470	20.1	21.2	22.5	23.6	25	26.1	27.3	28.5							
1480	20.1	21.3	22.5	23.7	25	26.1	27.4	28.5							
1490	20.1	21.2	22.5	23.7	25	26.1	27.4	28.5							
1500	20.1	21.3	22.5	23.7	25	26.2	27.4	28.5							
1510	20.1	21.3	22.5	23.7	25.1	26.2	27.4	28.6							
1520	20.1	21.3	22.6	23.7	25.1	26.2	27.5	28.6							
1530	20.1	21.3	22.6	23.7	25.1	26.2	27.5	28.6							
1540	20.1	21.3	22.6	23.7	25.1	26.2	27.5	28.6							
1550	20.1	21.3	22.6	23.8	25.1	26.3	27.5	28.7							
1560	20.2	21.3	22.6	23.8	25.2	26.3	27.6	28.7							
1570	20.2	21.4	22.6	23.8	25.2	26.3	27.6	28.7							
1580	20.2	21.4	22.6	23.8	25.2	26.3	27.6	28.7							
1590	20.2	21.4	22.6	23.8	25.2	26.3	27.6	28.8							
1600	20.2	21.4	22.6	23.8	25.2	26.3	27.6	28.8							
1610	20.2	21.4	22.7	23.9	25.2	26.4	27.7	28.8							
1620	20.2	21.4	22.7	23.9	25.2	26.4	27.7	28.8							
1630	20.2	21.4	22.7	23.9	25.3	26.4	27.7	28.8							
1640	20.2	21.4	22.7	23.9	25.3	26.4	27.7	28.9							
1650	20.2	21.4	22.7	23.9	25.3	26.4	27.7	28.9							
1660	20.2	21.4	22.7	23.9	25.3	26.4	27.7	28.9							
1670	20.3	21.4	22.7	23.9	25.3	26.5	27.8	28.9							
1680	20.3	21.4	22.7	23.9	25.3	26.5	27.8	28.9							
1690	20.2	21.4	22.7	24	25.3	26.5	27.8	28.9							
1700	20.3	21.5	22.8	24	25.4	26.5	27.8	29							
1710	20.3	21.5	22.8	24	25.4	26.5	27.8	29							
1720	20.3	21.5	22.8	24	25.4	26.5	27.8	29							
1730	20.3	21.5	22.8	24	25.4	26.5	27.9	29							
1740	20.3	21.5	22.8	24	25.4	26.6	27.9	29							
1750	20.3	21.5	22.8	24	25.4	26.6	27.9	29.1							
1760	20.3	21.5	22.8	24	25.4	26.6	27.9	29.1							
1770	20.3	21.5	22.8	24	25.5	26.6	27.9	29.1							
1780	20.3	21.5	22.8	24.1	25.4	26.6	27.9	29.1							
1790	20.3	21.5	22.8	24.1	25.5	26.6	27.9	29.1							
1800	20.3	21.5	22.8	24.1	25.5	26.6	28	29.1							
1810	20.3	21.5	22.9	24.1	25.5	26.7	28	29.2							
1820	20.3	21.5	22.9	24.1	25.5	26.7	28	29.2							
1830	20.3	21.6	22.9	24.1	25.5	26.7	28	29.2							
1840	20.3	21.6	22.9	24.1	25.5	26.7	28	29.2							
1850	20.3	21.6	22.9	24.1	25.5	26.7	28	29.2							
1860	20.4	21.6	22.9	24.1	25.5	26.7	28	29.2							
1870	20.3	21.6	22.9	24.1	25.5	26.7	28	29.2							
1880	20.4	21.6	22.9	24.1	25.6	26.7	28	29.3							
1890	20.4	21.6	22.9	24.1	25.6	26.7	28.1	29.3							
1900	20.4	21.6	22.9	24.2	25.6	26.8	28.1	29.3							
1910	20.4	21.6	22.9	24.2	25.6	26.8	28.1	29.3							
1920	20.4	21.6	22.9	24.2	25.6	26.8	28.1	29.3							
1930	20.4	21.6	22.9	24.2	25.6	26.8	28.1	29.3							
1940	20.4	21.6	22.9	24.2	25.6	26.8	28.1	29.3							
1950	20.4	21.6	23	24.2	25.6	26.8	28.1	29.3							
1960	20.4	21.6	23	24.2	25.6	26.8	28.1	29.3							
1970	20.4	21.6	23	24.2	25.6	26.8	28.1	29.4							
1980	20.4	21.6	23	24.2	25.6	26.8	28.1	29.4							
1990	20.4	21.6	23	24.2	25.6	26.8	28.2	29.4							
2000	20.4	21.7	23	24.2	25.7	26.9	28.2	29.4							
2010	20.4	21.7	23	24.2	25.6	26.9	28.2	29.4							
2020	20.4	21.7	23	24.3	25.7	26.9	28.2	29.4							
2030	20.4	21.7	23	24.3	25.7	26.9	28.2	29.4							
2040	20.4	21.7	23	24.3	25.7	26.9	28.2	29.4							
2050	20.4	21.7	23	24.3	25.7	26.9	28.2	29.4							
2060	20.4	21.7	23	24.3	25.7	26.9	28.2	29.4							
2070	20.4	21.7	23	24.3	25.7	26.9	28.2	29.5							
2080	20.5	21.7	23.1	24.3	25.7	26.9	28.3	29.5							
2090	20.5	21.7	23.1	24.3	25.7	26.9	28.3	29.5							
2100	20.5	21.7	23.1	24.3	25.7	26.9	28.3	29.5							
2110	20.5	21.7	23.1	24.3	25.7	26.9	28.3	29.5							
2120	20.5	21.7	23.1	24.3	25.8	27	28.3	29.5							
2130	20.5	21.7	23.1	24.3	25.7	27	28.3	29.5							
2140	20.5	21.7	23.1	24.3	25.8	27	28.3	29.5							
2150	20.5	21.7	23.1	24.3	25.8	27	28.3	29.5							
2160	20.5	21.7	23.1	24.4	25.8	27	28.3	29.6							
2170	20.5	21.7	23.1	24.4	25.8	27	28.3	29.6							
2180	20.5	21.7	23.1	24.4	25.8	27	28.4	29.6							
2190	20.5	21.8	23.1	24.4	25.8	27	28.3	29.6							
2200	20.5	21.7	23.1	24.4	25.8	27	28.3	29.6							
2210	20.5	21.7	23.1	24.4	25.8	27	28.4	29.6							
2220	20.5	21.8	23.1	24.4	25.8	27	28.4	29.6							
2230	20.5	21.8	23.1	24.4	25.8	27	28.4	29.6							
2240	20.5	21.8	23.1	24.4	25.8	27	28.4	29.6							
2250	20.5	21.8	23.1	24.4	25.8	27	28.4	29.6							
2260	20.5	21.8	23.1	24.4	25.8	27.1	28.4	29.6							
2270	20.5	21.8	23.1	24.4	25.8	27.1	28.4	29.6							
2280	20.5	21.8	23.1	24.4	25.8	27.1	28.4	29.6							
2290	20.5	21.8	23.1	24.4	25.8	27.1	28.4	29.6							
2300	20.5	21.8	23.1	24.4	25.8	27.1	28.4	29.7							
2310	20.5	21.8	23.2	24.4	25.9	27.1	28.4	29.7							
2320	20.5	21.8	23.2	24.4	25.9	27.1	28.4	29.7							
2330	20.5	21.8	23.2	24.4	25.9	27.1	28.4	29.7							
2340	20.5	21.8	23.2	24.4	25.9	27.1	28.5	29.7							
2350	20.5	21.8	23.2	24.4	25.9	27.1	28.5	29.7							
2360	20.5	21.8	23.2	24.4	25.9	27.1	28.5	29.7							
2370	20.5	21.8	23.2	24.4	25.9	27.1	28.5	29.7							
2380	20.5	21.8	23.2	24.5	25.9	27.1	28.5	29.7							
2390	20.6	21.8	23.2	24.5	25.9	27.1	28.5	29.7							
2400	20.6	21.8	23.2	24.5	25.9	27.1	28.5	29.7							
2410	20.6	21.8	23.2	24.5	25.9	27.1	28.5	29.7							
2420	20.5	21.8	23.2	24.5	25.9	27.1	28.5	29.7							
2430	20.6	21.8	23.2	24.5	25.9	27.1	28.5	29.8							
2440	20.6	21.8	23.2	24.5	25.9	27.1	28.5	29.8							
2450	20.6	21.8	23.2	24.5	25.9	27.1	28.5	29.8							
2460	20.6	21.8	23.2	24.5	25.9	27.1	28.5	29.8							
2470	20.6	21.8	23.2	24.5	25.9	27.2	28.5	29.8							
2480	20.6	21.8	23.2	24.5	25.9	27.2	28.5	29.8							
2490	20.6	21.8	23.2	24.5	25.9	27.2	28.5	29.8							
2500	20.6	21.8	23.2	24.5	25.9	27.2	28.5	29.8							
2510	20.6	21.8	23.2	24.5	25.9	27.2	28.5	29.8							
2520	20.6	21.8	23.2	24.5	25.9	27.2	28.5	29.8							
2530	20.6	21.9	23.3	24.5	26	27.2	28.6	29.8							
2540	20.6	21.8	23.2	24.5	26	27.2	28.5	29.8							
2550	20.6	21.8	23.2	24.5	26	27.2	28.5	29.8							
2560	20.6	21.9	23.2	24.5	26	27.2	28.6	29.8							
2570	20.6	21.9	23.2	24.5	26	27.2	28.6	29.8							
2580	20.6	21.9	23.3	24.5	26	27.2	28.6	29.8							
2590	20.6	21.9	23.2	24.5	26	27.2	28.6	29.8							
2600	20.6	21.9	23.3	24.5	26	27.2	28.6	29.8							
2610	20.6	21.9	23.3	24.5	26	27.2	28.6	29.8							
2620	20.6	21.9	23.3	24.5	26	27.2	28.6	29.8							
2630	20.6	21.9	23.3	24.5	26	27.2	28.6	29.8							
2640	20.6	21.9	23.3	24.5	26	27.2	28.6	29.8							
2650	20.6	21.9	23.3	24.5	26	27.2	28.6	29.8							
2660	20.6	21.9	23.3	24.6	26	27.2	28.6	29.9							
2670	20.6	21.9	23.3	24.5	26	27.2	28.6	29.9							
2680	20.6	21.9	23.3	24.5	26	27.2	28.6	29.8							
2690	20.6	21.9	23.3	24.5	26	27.2	28.6	29.9							
2700	20.6	21.9	23.3	24.6	26	27.3	28.6	29.9							
2710	20.6	21.9	23.3	24.6	26	27.2	28.6	29.9							
2720	20.6	21.9	23.3	24.6	26	27.3	28.6	29.9							
2730	20.6	21.9	23.3	24.6	26	27.3	28.6	29.9							
2740	20.6	21.9	23.3	24.6	26	27.2	28.6	29.9							
2750	20.6	21.9	23.3	24.6	26	27.3	28.6	29.9							
2760	20.6	21.9	23.3	24.6	26	27.3	28.6	29.9							
2770	20.6	21.9	23.3	24.6	26	27.3	28.6	29.9							
2780	20.6	21.9	23.3	24.6	26	27.3	28.6	29.9							
2790	20.6	21.9	23.3	24.6	26	27.3	28.6	29.9							
2800	20.6	21.9	23.3	24.6	26	27.3	28.6	29.9							
2810	20.6	21.9	23.3	24.6	26	27.3	28.7	29.9							
2820	20.6	21.9	23.3	24.6	26	27.3	28.7	29.9							
2830	20.6	21.9	23.3	24.6	26	27.3	28.7	29.9							
2840	20.6	21.9	23.3	24.6	26	27.3	28.7	29.9							
2850	20.6	21.9	23.3	24.6	26	27.3	28.7	29.9							
2860	20.6	21.9	23.3	24.6	26	27.3	28.7	29.9							
2870	20.6	21.9	23.3	24.6	26	27.3	28.7	29.9							
2880	20.7	21.9	23.3	24.6	26	27.3	28.7	29.9							
2890	20.6	21.9	23.3	24.6	26	27.3	28.7	29.9							
2900	20.6	21.9	23.3	24.6	26	27.3	28.7	29.9							
2910	20.6	21.9	23.3	24.6	26	27.3	28.7	29.9							
2920	20.6	21.9	23.3	24.6	26	27.3	28.7	29.9							
2930	20.6	21.9	23.3	24.6	26	27.3	28.7	29.9							
2940	20.7	21.9	23.3	24.6	26	27.3	28.7	30							
2950	20.7	21.9	23.3	24.6	26.1	27.3	28.7	30							
2960	20.6	21.9	23.3	24.6	26	27.3	28.7	30							
2970	20.7	21.9	23.3	24.6	26	27.3	28.7	30							
2980	20.7	21.9	23.3	24.6	26.1	27.3	28.7	30							
2990	20.7	21.9	23.3	24.6	26.1	27.3	28.7	30							
3000	20.7	21.9	23.3	24.6	26.1	27.3	28.7	30							
3010	20.7	21.9	23.3	24.6	26.1	27.3	28.7	30							
3020	20.7	21.9	23.3	24.6	26.1	27.3	28.7	30							
3030	20.7	21.9	23.3	24.6	26.1	27.3	28.7	30							
3040	20.7	21.9	23.3	24.6	26.1	27.3	28.7	30							
3050	20.7	21.9	23.3	24.6	26.1	27.3	28.7	30							
3060	20.7	21.9	23.3	24.6	26.1	27.3	28.7	30							
3070	20.6	21.9	23.3	24.6	26.1	27.3	28.7	30							
3080	20.7	21.9	23.3	24.6	26.1	27.3	28.7	30							
3090	20.7	21.9	23.3	24.6	26.1	27.4	28.7	30							
3100	20.7	21.9	23.3	24.6	26.1	27.4	28.7	30							
3110	20.7	21.9	23.3	24.6	26.1	27.3	28.7	30							
3120	20.7	21.9	23.3	24.6	26.1	27.3	28.7	30							
3130	20.7	21.9	23.4	24.6	26.1	27.4	28.7	30							
3140	20.7	21.9	23.4	24.6	26.1	27.4	28.7	30							
3150	20.7	22	23.4	24.6	26.1	27.4	28.7	30							
3160	20.7	21.9	23.3	24.7	26.1	27.4	28.7	30							
3170	20.7	21.9	23.4	24.7	26.1	27.4	28.7	30							
3180	20.7	22	23.4	24.7	26.1	27.4	28.7	30							
3190	20.7	22	23.4	24.7	26.1	27.4	28.7	30							
3200	20.7	22	23.4	24.7	26.1	27.4	28.7	30							
3210	20.7	22	23.4	24.7	26.1	27.4	28.7	30							
3220	20.7	22	23.4	24.7	26.1	27.4	28.8	30							
3230	20.7	22	23.4	24.7	26.1	27.4	28.8	30							
3240	20.7	22	23.4	24.7	26.1	27.4	28.8	30							
3250	20.7	22	23.4	24.7	26.1	27.4	28.8	30							
3260	20.7	21.9	23.4	24.7	26.1	27.4	28.8	30							
3270	20.7	22	23.4	24.7	26.1	27.4	28.8	30							
3280	20.7	22	23.4	24.7	26.1	27.4	28.8	30							
3290	20.7	22	23.4	24.7	26.1	27.4	28.8	30							
3300	20.7	22	23.4	24.7	26.1	27.4	28.8	30							
3310	20.7	22	23.4	24.7	26.1	27.4	28.8	30							
3320	20.7	22	23.4	24.7	26.1	27.4	28.8	30							
3330	20.7	22	23.4	24.7	26.1	27.4	28.8	30							
3340	20.7	22	23.4	24.7	26.1	27.4	28.8	30							
3350	20.7	22	23.4	24.7	26.1	27.4	28.8	30							
3360	20.7	22	23.4	24.7	26.1	27.4	28.8	30.1							
3370	20.7	22	23.4	24.7	26.1	27.4	28.8	30.1							
3380	20.7	22	23.4	24.7	26.1	27.4	28.8	30.1							
3390	20.7	22	23.4	24.7	26.1	27.4	28.8	30							
3400	20.7	22	23.4	24.7	26.1	27.4	28.8	30.1							
3410	20.7	22	23.4	24.7	26.1	27.4	28.8	30.1							
3420	20.7	22	23.4	24.7	26.1	27.4	28.8	30.1							
3430	20.7	22	23.4	24.7	26.1	27.4	28.8	30.1							
3440	20.7	22	23.4	24.7	26.1	27.4	28.8	30.1							
3450	20.7	22	23.4	24.7	26.1	27.4	28.8	30.1							
3460	20.7	22	23.4	24.7	26.1	27.4	28.8	30.1							
3470	20.7	22	23.4	24.7	26.1	27.4	28.8	30.1							
3480	20.7	22	23.4	24.7	26.1	27.4	28.8	30.1							
3490	20.7	22	23.4	24.7	26.1	27.4	28.8	30.1							
3500	20.7	22	23.4	24.7	26.1	27.4	28.8	30.1							
3510	20.7	22	23.4	24.7	26.1	27.4	28.8	30.1							
3520	20.7	22	23.4	24.7	26.1	27.4	28.8	30.1							
3530	20.7	22	23.4	24.7	26.1	27.4	28.8	30.1							
3540	20.7	22	23.4	24.7	26.1	27.4	28.8	30.1							
3550	20.7	22	23.4	24.7	26.1	27.4	28.8	30.1							
3560	20.7	22	23.4	24.7	26.1	27.4	28.8	30.1							
3570	20.7	22	23.4	24.7	26.1	27.4	28.8	30.1							
3580	20.7	22	23.4	24.7	26.1	27.4	28.8	30.1							
3590	20.7	22	23.4	24.7	26.1	27.4	28.8	30.1							
3600	20.7	22	23.4	24.7	26.1	27.4	28.8	30.1							
3610	20.7	22	23.4	24.7	26.1	27.4	28.8	30.1							
3620	20.7	22	23.4	24.7	26.1	27.4	28.8	30.1							
3630	20.7	22	23.4	24.7	26.1	27.4	28.8	30.1							
3640	20.7	22	23.4	24.7	26.2	27.4	28.8	30.1							
3650	20.7	22	23.4	24.7	26.1	27.4	28.8	30.1							
3660	20.7	22	23.4	24.7	26.1	27.4	28.8	30.1							
3670	20.7	22	23.4	24.7	26.1	27.4	28.8	30.1							
3680	20.7	22	23.4	24.7	26.2	27.5	28.8	30.1							
3690	20.7	22	23.4	24.7	26.2	27.4	28.8	30.1							
3700	20.7	22	23.4	24.7	26.2	27.4	28.8	30.1							
3710	20.7	22	23.4	24.7	26.2	27.4	28.8	30.1							
3720	20.7	22	23.4	24.7	26.2	27.5	28.8	30.1							
3730	20.7	22	23.4	24.7	26.2	27.4	28.8	30.1							
3740	20.7	22	23.4	24.7	26.2	27.5	28.8	30.1							
3750	20.7	22	23.4	24.7	26.2	27.4	28.8	30.1							
3760	20.7	22	23.4	24.7	26.2	27.5	28.8	30.1							
3770	20.7	22	23.4	24.7	26.2	27.4	28.8	30.1							
3780	20.7	22	23.4	24.7	26.2	27.5	28.8	30.1							
3790	20.7	22	23.4	24.7	26.2	27.5	28.8	30.1							
3800	20.7	22	23.4	24.7	26.2	27.5	28.8	30.1							
3810	20.7	22	23.4	24.7	26.2	27.5	28.8	30.1							
3820	20.7	22	23.4	24.7	26.2	27.5	28.8	30.1							
3830	20.7	22	23.4	24.7	26.2	27.4	28.8	30.1							
3840	20.7	22	23.4	24.7	26.2	27.5	28.8	30.1							
3850	20.8	22	23.5	24.8	26.2	27.5	28.9	30.1							
3860	20.7	22	23.4	24.7	26.2	27.5	28.8	30.1							
3870	20.7	22	23.4	24.7	26.2	27.5	28.8	30.1							
3880	20.8	22	23.4	24.7	26.2	27.5	28.9	30.1							
3890	20.7	22	23.4	24.7	26.2	27.5	28.8	30.1							
3900	20.8	22	23.4	24.8	26.2	27.5	28.8	30.1							
3910	20.7	22	23.4	24.7	26.2	27.5	28.9	30.1							
3920	20.8	22	23.5	24.7	26.2	27.5	28.9	30.1							
3930	20.7	22	23.4	24.7	26.2	27.5	28.8	30.1							
3940	20.8	22	23.5	24.8	26.2	27.5	28.9	30.1							
3950	20.8	22	23.5	24.7	26.2	27.5	28.9	30.1							
3960	20.8	22	23.5	24.8	26.2	27.5	28.9	30.1							
3970	20.8	22.1	23.5	24.8	26.2	27.5	28.9	30.1							
3980	20.8	22.1	23.5	24.8	26.2	27.5	28.9	30.2							
3990	20.8	22.1	23.5	24.8	26.2	27.5	28.9	30.2							
4000	20.8	22.1	23.4	24.8	26.2	27.5	28.8	30.1							
4010	20.8	22.1	23.5	24.8	26.2	27.5	28.9	30.2							
4020	20.8	22.1	23.5	24.8	26.2	27.5	28.9	30.2							
4030	20.8	22.1	23.5	24.7	26.2	27.5	28.9	30.1							
4040	20.8	22.1	23.5	24.8	26.2	27.5	28.9	30.2							
4050	20.8	22.1	23.5	24.8	26.2	27.5	28.9	30.2							
4060	20.8	22.1	23.5	24.8	26.2	27.5	28.9	30.2							
4070	20.8	22.1	23.5	24.8	26.2	27.5	28.9	30.2							
4080	20.8	22.1	23.5	24.8	26.2	27.5	28.9	30.2							
4090	20.8	22.1	23.5	24.8	26.2	27.5	28.9	30.2							
4100	20.8	22.1	23.5	24.8	26.2	27.5	28.9	30.2							
4110	20.8	22.1	23.5	24.8	26.2	27.5	28.9	30.2							
4120	20.8	22.1	23.5	24.8	26.2	27.5	28.9	30.2							
4130	20.8	22.1	23.5	24.8	26.2	27.5	28.9	30.2							
4140	20.8	22.1	23.5	24.8	26.2	27.5	28.9	30.2							
4150	20.8	22.1	23.5	24.8	26.2	27.5	28.9	30.2							
4160	20.8	22.1	23.5	24.8	26.2	27.5	28.9	30.2							
4170	20.8	22.1	23.5	24.8	26.3	27.5	28.9	30.2							
4180	20.8	22.1	23.5	24.8	26.3	27.5	28.9	30.2							
4190	20.8	22.1	23.5	24.8	26.3	27.5	28.9	30.2							
4200	20.8	22.1	23.5	24.8	26.3	27.5	28.9	30.2							
4210	20.8	22.1	23.5	24.8	26.3	27.5	28.9	30.2							
4220	20.8	22.1	23.5	24.8	26.3	27.5	28.9	30.2							
4230	20.8	22.1	23.5	24.8	26.2	27.5	28.9	30.2							
4240	20.8	22.1	23.5	24.8	26.3	27.5	28.9	30.2							
4250	20.8	22.1	23.5	24.8	26.3	27.5	28.9	30.2							
4260	20.8	22.1	23.5	24.8	26.3	27.5	28.9	30.2							
4270	20.8	22.1	23.5	24.8	26.3	27.5	28.9	30.2							
4280	20.9	22.1	23.5	24.8	26.3	27.5	28.9	30.2							
4290	20.9	22.1	23.5	24.8	26.3	27.6	28.9	30.2							
4300	20.9	22.1	23.5	24.8	26.3	27.5	28.9	30.2							
4310	20.9	22.1	23.5	24.8	26.3	27.6	28.9	30.2							
4320	20.9	22.1	23.5	24.8	26.3	27.6	28.9	30.2							
4330	20.9	22.1	23.6	24.8	26.3	27.6	28.9	30.2							
4340	20.9	22.2	23.6	24.8	26.3	27.6	28.9	30.2							
4350	20.9	22.2	23.6	24.9	26.3	27.6	28.9	30.2							
4360	20.9	22.2	23.6	24.8	26.3	27.6	28.9	30.2							
4370	20.9	22.2	23.6	24.9	26.3	27.6	28.9	30.2							
4380	20.9	22.2	23.6	24.9	26.3	27.6	28.9	30.2							
4390	20.9	22.2	23.6	24.9	26.3	27.6	28.9	30.2							
4400	20.9	22.2	23.6	24.9	26.3	27.6	28.9	30.2							
4410	20.9	22.2	23.6	24.9	26.3	27.6	29	30.2							
4420	20.9	22.2	23.6	24.9	26.3	27.6	29	30.2							
4430	20.9	22.2	23.6	24.9	26.3	27.6	29	30.2							
4440	20.9	22.2	23.6	24.9	26.3	27.6	29	30.3							
4450	20.9	22.2	23.6	24.9	26.3	27.6	29	30.3							
4460	20.9	22.2	23.6	24.9	26.3	27.6	29	30.3							
4470	20.9	22.2	23.6	24.9	26.3	27.6	29	30.3							
4480	20.9	22.2	23.6	24.9	26.3	27.6	29	30.3							
4490	20.9	22.2	23.6	24.9	26.3	27.6	29	30.3							
4500	20.9	22.2	23.6	24.9	26.3	27.6	29	30.3							
4510	20.9	22.2	23.6	24.9	26.3	27.6	29	30.3							
4520	20.9	22.2	23.6	24.9	26.3	27.6	29	30.3							
4530	20.9	22.2	23.6	24.9	26.3	27.6	29	30.3							
4540	20.9	22.2	23.6	24.9	26.3	27.6	29	30.3							
4550	20.9	22.2	23.6	24.9	26.4	27.6	29	30.3							
4560	20.9	22.2	23.6	24.9	26.4	27.6	29	30.3							
4570	20.9	22.2	23.6	24.9	26.4	27.6	29	30.3							
4580	20.9	22.2	23.6	24.9	26.3	27.6	29	30.3							
4590	20.9	22.2	23.6	24.9	26.4	27.6	29	30.3							
4600	20.9	22.2	23.6	24.9	26.4	27.6	29	30.3							
4610	20.9	22.2	23.6	24.9	26.4	27.6	29	30.3							
4620	21	22.2	23.6	24.9	26.4	27.6	29	30.3							
4630	21	22.2	23.6	24.9	26.4	27.6	29	30.3							
4640	21	22.2	23.6	24.9	26.4	27.6	29	30.3							
4650	20.9	22.2	23.6	24.9	26.4	27.6	29	30.3							
4660	21	22.2	23.6	24.9	26.4	27.6	29	30.3							
4670	21	22.2	23.6	24.9	26.4	27.6	29	30.3							
4680	21	22.2	23.6	24.9	26.4	27.6	29	30.3							
4690	21	22.2	23.6	24.9	26.4	27.7	29	30.3							
4700	21	22.2	23.6	24.9	26.4	27.7	29	30.3							
4710	21	22.3	23.6	24.9	26.4	27.7	29	30.3							
4720	21	22.3	23.7	24.9	26.4	27.7	29	30.3							
4730	21	22.2	23.6	24.9	26.4	27.7	29	30.3							
4740	21	22.3	23.7	25	26.4	27.7	29.1	30.3							
4750	21	22.3	23.6	25	26.4	27.7	29	30.3							
4760	21	22.3	23.7	25	26.4	27.7	29	30.3							
4770	21	22.3	23.6	25	26.4	27.7	29	30.3							
4780	21	22.3	23.7	25	26.4	27.7	29	30.3							
4790	21	22.3	23.7	24.9	26.4	27.7	29.1	30.3							
4800	21	22.3	23.7	25	26.4	27.7	29.1	30.3							
4810	21	22.3	23.7	25	26.4	27.7	29.1	30.3							
4820	21	22.3	23.7	25	26.4	27.7	29	30.3							
4830	21	22.3	23.7	25	26.4	27.7	29.1	30.3							
4840	21	22.3	23.7	25	26.4	27.7	29.1	30.3							
4850	21	22.3	23.7	25	26.4	27.7	29.1	30.3							
4860	21	22.3	23.7	25	26.4	27.7	29.1	30.3							
4870	21	22.3	23.7	25	26.4	27.7	29.1	30.3							
4880	21	22.3	23.7	25	26.4	27.7	29.1	30.3							
4890	21	22.3	23.7	25	26.4	27.7	29.1	30.4							
4900	21	22.3	23.7	25	26.4	27.7	29.1	30.4							
4910	21	22.3	23.7	25	26.4	27.7	29.1	30.4							
4920	21	22.3	23.7	25	26.4	27.7	29.1	30.4							
4930	21	22.3	23.7	25	26.5	27.7	29.1	30.4							
4940	21	22.3	23.7	25	26.5	27.7	29.1	30.4							
4950	21	22.3	23.7	25	26.5	27.7	29.1	30.4							
4960	21	22.3	23.7	25	26.5	27.7	29.1	30.4							
4970	21	22.3	23.7	25	26.5	27.7	29.1	30.4							
4980	21	22.3	23.7	25	26.5	27.7	29.1	30.4							
4990	21	22.3	23.7	25	26.4	27.7	29.1	30.4							
5000	21	22.3	23.7	25	26.5	27.7	29.1	30.4							
5010	21	22.3	23.7	25	26.4	27.7	29.1	30.4							
5020	21	22.3	23.7	25	26.5	27.7	29.1	30.4							
5030	21	22.3	23.7	25	26.5	27.7	29.1	30.4							
5040	21	22.3	23.7	25	26.5	27.7	29.1	30.4							
5050	21	22.3	23.7	25	26.5	27.7	29.1	30.4							
5060	21	22.3	23.7	25	26.5	27.7	29.1	30.4							
5070	21	22.3	23.7	25	26.5	27.7	29.1	30.4							
5080	21	22.3	23.7	25	26.5	27.7	29.1	30.4							
5090	21	22.3	23.7	25	26.5	27.7	29.1	30.4							
5100	21	22.3	23.7	25	26.5	27.7	29.1	30.4							
5110	21	22.3	23.7	25	26.5	27.7	29.1	30.4							
5120	21	22.3	23.7	25	26.5	27.7	29.1	30.4							
5130	21	22.3	23.7	25	26.5	27.7	29.1	30.4							
5140	21.1	22.3	23.7	25	26.5	27.7	29.1	30.4							
5150	21	22.3	23.7	25	26.5	27.8	29.1	30.4							
5160	21	22.3	23.7	25	26.5	27.8	29.1	30.4							
5170	21	22.3	23.7	25	26.5	27.8	29.1	30.4							
5180	21	22.3	23.7	25	26.5	27.8	29.1	30.4							
5190	21	22.3	23.7	25	26.5	27.8	29.1	30.4							
5200	21	22.3	23.7	25	26.5	27.8	29.1	30.4							
5210	21	22.3	23.7	25	26.5	27.8	29.1	30.4							
5220	21	22.3	23.7	25	26.5	27.8	29.1	30.4							
5230	21	22.3	23.7	25	26.5	27.8	29.1	30.4							
5240	21.1	22.3	23.7	25	26.5	27.8	29.1	30.4							
5250	21.1	22.3	23.7	25	26.5	27.8	29.1	30.4							
5260	21.1	22.3	23.7	25	26.5	27.8	29.2	30.4							
5270	21.1	22.3	23.7	25	26.5	27.8	29.2	30.4							
5280	21.1	22.3	23.7	25	26.5	27.8	29.2	30.4							
5290	21.1	22.3	23.7	25	26.5	27.8	29.2	30.4							
5300	21.1	22.3	23.7	25	26.5	27.8	29.2	30.4							
5310	21.1	22.3	23.7	25	26.5	27.8	29.2	30.4							
5320	21.1	22.3	23.7	25	26.5	27.8	29.2	30.4							
5330	21.1	22.3	23.8	25	26.5	27.8	29.2	30.4							
5340	21.1	22.4	23.8	25.1	26.5	27.8	29.2	30.5							
5350	21.1	22.3	23.7	25	26.5	27.8	29.1	30.4							
5360	21.1	22.3	23.7	25	26.5	27.8	29.2	30.4							
5370	21.1	22.3	23.7	25	26.5	27.8	29.2	30.4							
5380	21.1	22.4	23.8	25.1	26.5	27.8	29.2	30.4							
5390	21.1	22.4	23.8	25	26.5	27.8	29.2	30.5							
5400	21.1	22.3	23.8	25.1	26.5	27.8	29.2	30.4							
5410	21.1	22.4	23.8	25.1	26.5	27.8	29.2	30.5							
5420	21.1	22.4	23.8	25.1	26.5	27.8	29.2	30.5							
5430	21.1	22.4	23.8	25.1	26.5	27.8	29.2	30.5							
5440	21.1	22.3	23.8	25.1	26.5	27.8	29.2	30.5							
5450	21.1	22.3	23.8	25.1	26.5	27.8	29.2	30.5							
5460	21.1	22.4	23.8	25.1	26.5	27.8	29.2	30.5							
5470	21.1	22.4	23.8	25.1	26.5	27.8	29.2	30.5							
5480	21.1	22.4	23.8	25.1	26.5	27.8	29.2	30.5							
5490	21.1	22.4	23.8	25.1	26.5	27.8	29.2	30.5							
5500	21.1	22.3	23.8	25.1	26.5	27.8	29.2	30.5							
5510	21.1	22.4	23.8	25.1	26.5	27.8	29.2	30.5							
5520	21.1	22.4	23.8	25.1	26.5	27.8	29.2	30.5							
5530	21.1	22.4	23.8	25.1	26.5	27.8	29.2	30.5							
5540	21.1	22.4	23.8	25.1	26.5	27.8	29.2	30.5							
5550	21.1	22.4	23.8	25.1	26.5	27.8	29.2	30.5							
5560	21.1	22.4	23.8	25.1	26.5	27.8	29.2	30.5							
5570	21.1	22.4	23.8	25.1	26.5	27.8	29.2	30.5							
5580	21.1	22.4	23.8	25.1	26.5	27.8	29.2	30.5							
5590	21.1	22.4	23.8	25.1	26.5	27.8	29.2	30.5							
5600	21.1	22.4	23.8	25.1	26.6	27.8	29.2	30.5							
5610	21.1	22.4	23.8	25.1	26.6	27.8	29.2	30.5							
5620	21.1	22.4	23.8	25.1	26.5	27.8	29.2	30.5							
5630	21.1	22.4	23.8	25.1	26.6	27.8	29.2	30.5							
5640	21.1	22.4	23.8	25.1	26.6	27.8	29.2	30.5							
5650	21.1	22.4	23.8	25.1	26.6	27.8	29.2	30.5							
5660	21.1	22.4	23.8	25.1	26.6	27.8	29.2	30.5							
5670	21.1	22.4	23.8	25.1	26.6	27.8	29.2	30.5							
5680	21.1	22.4	23.8	25.1	26.6	27.8	29.2	30.5							
5690	21.1	22.4	23.8	25.1	26.5	27.8	29.2	30.5							
5700	21.1	22.4	23.8	25.1	26.6	27.8	29.2	30.5							
5710	21.1	22.4	23.8	25.1	26.6	27.8	29.2	30.5							
5720	21.1	22.4	23.8	25.1	26.6	27.8	29.2	30.5							
5730	21.1	22.4	23.8	25.1	26.6	27.8	29.2	30.5							
5740	21.1	22.4	23.8	25.1	26.6	27.8	29.2	30.5							
5750	21.1	22.4	23.8	25.1	26.6	27.8	29.2	30.5							
5760	21.1	22.4	23.8	25.1	26.6	27.8	29.2	30.5							
5770	21.1	22.4	23.8	25.1	26.6	27.8	29.2	30.5							
5780	21.1	22.4	23.8	25.1	26.6	27.8	29.2	30.5							
5790	21.1	22.4	23.8	25.1	26.6	27.8	29.2	30.5							
5800	21.1	22.4	23.8	25.1	26.6	27.8	29.2	30.5							
5810	21.1	22.4	23.8	25.1	26.6	27.8	29.2	30.5							
5820	21.1	22.4	23.8	25.1	26.6	27.8	29.2	30.5							
5830	21.1	22.4	23.8	25.1	26.6	27.8	29.2	30.5							
5840	21.1	22.4	23.8	25.1	26.6	27.8	29.2	30.5							
5850	21.1	22.4	23.8	25.1	26.6	27.8	29.2	30.5							
5860	21.1	22.4	23.8	25.1	26.6	27.8	29.2	30.5							
5870	21.1	22.4	23.8	25.1	26.6	27.8	29.2	30.5							
5880	21.1	22.4	23.8	25.1	26.6	27.8	29.2	30.5							
5890	21.1	22.4	23.8	25.1	26.6	27.8	29.2	30.5							
5900	21.1	22.4	23.8	25.1	26.6	27.9	29.2	30.5							
5910	21.1	22.4	23.8	25.1	26.6	27.8	29.2	30.5							
5920	21.1	22.4	23.8	25.1	26.6	27.8	29.2	30.5							
5930	21.1	22.4	23.8	25.1	26.6	27.8	29.2	30.5							
5940	21.1	22.4	23.8	25.1	26.6	27.8	29.2	30.5							
5950	21.1	22.4	23.8	25.1	26.6	27.8	29.2	30.5							
5960	21.1	22.4	23.8	25.1	26.6	27.9	29.2	30.5							
5970	21.1	22.4	23.8	25.1	26.6	27.8	29.2	30.5							
5980	21.1	22.4	23.8	25.1	26.6	27.8	29.2	30.5							
5990	21.1	22.4	23.8	25.1	26.6	27.8	29.2	30.5							
6000	21.1	22.4	23.8	25.1	26.6	27.9	29.2	30.5							
6010	21.1	22.4	23.8	25.1	26.6	27.8	29.2	30.5							
6020	21.1	22.4	23.8	25.1	26.6	27.8	29.2	30.5							
6030	21.1	22.4	23.8	25.1	26.6	27.9	29.2	30.5							
6040	21.1	22.4	23.8	25.1	26.6	27.9	29.2	30.5							
6050	21.1	22.4	23.8	25.1	26.6	27.9	29.2	30.5							
6060	21.1	22.4	23.8	25.1	26.6	27.8	29.2	30.5							
6070	21.1	22.4	23.8	25.1	26.6	27.9	29.2	30.5							
6080	21.1	22.4	23.8	25.1	26.6	27.8	29.2	30.5							
6090	21.1	22.4	23.8	25.1	26.6	27.9	29.3	30.5							
6100	21.1	22.4	23.8	25.1	26.6	27.8	29.2	30.5							
6110	21.1	22.4	23.8	25.1	26.6	27.8	29.2	30.5							
6120	21.1	22.4	23.8	25.1	26.6	27.8	29.2	30.5							
6130	21.1	22.4	23.8	25.1	26.6	27.9	29.2	30.5							
6140	21.1	22.4	23.8	25.1	26.6	27.9	29.2	30.5							
6150	21.1	22.4	23.8	25.1	26.6	27.8	29.2	30.5							
6160	21.1	22.4	23.8	25.1	26.6	27.9	29.2	30.5							
6170	21.1	22.4	23.8	25.1	26.6	27.9	29.2	30.5							
6180	21.1	22.4	23.8	25.1	26.6	27.8	29.2	30.5							
6190	21.1	22.4	23.8	25.1	26.6	27.8	29.2	30.5							
6200	21.1	22.4	23.8	25.1	26.6	27.9	29.3	30.5							
6210	21.1	22.4	23.8	25.1	26.6	27.9	29.2	30.5							
