	% 10/3/2018	
	% 10:14 AM
	% SAMPLE B mass: 114.400 +/- .001 g
	% CALORIMETER mass: 318.3 +/- .05 g	
	%Time (s) 	Water Temperature (C) 	Sample Temp (C) 
	0.000	93.730	23.725	23.834
	1.041	93.466	23.731	23.826
	2.062	93.460	23.737	23.835
	3.077	93.338	23.730	23.808
	4.093	93.349	23.725	23.829
	5.110	93.455	23.717	23.831
	6.130	93.417	23.719	23.829
	7.148	93.465	23.737	23.825
	8.163	93.819	23.725	23.819
	9.182	93.408	23.735	23.848
	10.198	93.416	23.721	23.831
	11.214	93.304	23.727	23.834
	12.248	93.262	23.715	23.849
	13.267	93.298	23.740	23.844
	14.285	93.436	23.715	23.823
	15.303	93.281	23.736	23.855
	16.318	93.433	23.720	23.826
	17.335	93.543	23.728	23.849
	18.350	93.238	23.733	23.817
	19.367	93.360	23.716	23.830
	20.385	93.488	23.714	23.826
	21.401	93.504	23.720	23.825
	22.416	93.268	23.725	23.822
	23.432	93.366	23.737	23.819
	24.450	93.374	23.708	23.826
	25.468	93.377	23.712	23.817
	26.483	93.348	23.710	23.825
	27.499	93.412	23.717	23.822
	28.515	93.440	23.706	23.812
	29.532	93.313	23.739	23.810
	30.548	93.406	23.717	23.808
	31.563	93.258	23.688	23.827
	32.579	93.406	23.724	23.817
	33.597	93.565	23.711	23.807
	34.614	93.322	23.721	23.779
	35.629	93.622	23.697	23.819
	36.645	93.516	23.710	23.820
	37.661	93.501	23.713	23.805
	38.684	93.497	23.700	23.818
	39.705	93.311	23.698	23.800
	40.722	93.509	23.705	23.786
	41.761	93.288	23.684	23.783
	42.780	93.406	23.693	23.805
	43.796	93.553	23.695	23.794
	44.811	93.518	23.700	23.784
	45.830	93.536	23.683	23.799
	46.846	93.402	23.705	23.786
	47.858	93.505	23.704	23.791
	48.875	93.268	23.705	23.781
	49.891	93.398	23.670	23.773
	50.907	93.394	23.684	23.813
	51.923	93.648	23.672	23.789
	52.940	93.553	23.681	23.765
	53.957	93.429	23.677	23.768
	54.973	93.318	23.696	23.797
	55.990	93.395	23.682	23.775
	57.009	93.414	23.688	23.777
	58.044	93.379	23.677	23.781
	59.063	93.256	23.665	23.765
	60.080	93.505	23.681	23.778
	61.096	93.526	23.673	23.786
	62.118	93.448	23.655	23.755
	63.138	93.122	23.648	23.772
	64.158	93.311	23.653	23.774
	65.174	93.281	23.680	23.764
	66.191	93.366	23.658	23.732
	67.208	93.335	23.658	23.765
	68.226	93.401	23.687	23.750
	69.243	93.443	23.664	23.759
	70.262	93.235	23.663	23.749
	71.279	93.328	23.665	23.757
	72.302	93.315	23.642	23.758
	73.319	93.345	23.666	23.749
	74.363	93.381	23.672	23.760
	75.380	93.456	23.646	23.754
	76.399	93.151	23.653	23.737
	77.418	93.318	23.660	23.746
	78.438	93.479	23.665	23.729
	79.456	93.509	23.624	23.746
	80.474	93.581	23.635	23.747
	81.493	93.365	23.650	23.745
	82.511	93.390	23.639	23.740
	83.530	93.316	23.644	23.739
	84.546	93.445	23.645	23.731
	85.562	93.421	23.633	23.758
	86.580	93.293	23.620	23.747
	87.621	93.345	23.637	23.752
	88.640	93.357	23.630	23.743
	89.657	93.357	23.605	23.729
	90.693	93.520	23.615	23.727
	91.713	93.307	23.641	23.734
	92.731	93.361	23.643	23.730
	93.750	93.380	23.644	23.727
	94.768	93.240	23.630	23.729
	95.785	93.313	23.641	23.739
	96.803	93.104	23.613	23.732
	97.822	93.368	23.631	23.716
	98.841	93.610	23.619	23.742
	99.859	93.288	23.645	23.739
	100.879	93.468	23.609	23.709
	101.898	93.494	23.613	23.707
	102.916	93.297	23.618	23.723
	103.934	93.438	23.612	23.708
	104.953	93.245	23.620	23.709
	105.971	93.378	23.647	23.721
	106.994	93.319	23.624	23.741
	108.015	93.409	23.620	23.729
	109.036	93.605	23.616	23.713
	110.055	93.278	23.605	23.704
	111.072	93.379	23.641	23.722
	112.092	93.419	23.621	23.712
	113.112	93.354	23.625	23.707
	114.131	93.354	23.626	23.699
	115.153	93.101	23.601	23.712
	116.170	93.216	23.630	23.717
	117.189	93.174	23.598	23.703
	118.207	93.146	23.617	23.708
	119.225	93.330	23.634	23.710
	120.243	93.606	23.612	23.713
	121.266	93.412	23.598	23.684
	122.285	93.320	23.601	23.718
	123.310	93.302	23.605	23.706
	124.335	93.538	23.609	23.691
	125.354	93.249	23.637	23.695
	126.381	93.352	23.616	23.699
	127.402	93.175	23.619	23.703
	128.421	93.213	23.618	23.692
	129.440	93.573	23.601	23.680
	130.460	93.421	23.575	23.690
	131.484	93.224	23.591	23.706
	132.505	93.275	23.621	23.697
	133.522	93.388	23.605	23.676
	134.543	93.237	23.601	23.706
	135.564	93.411	23.593	23.678
	136.581	93.405	23.586	23.700
	137.603	93.258	23.590	23.703
	138.622	92.893	23.597	23.699
	139.656	93.379	23.587	23.708
	140.678	93.656	23.593	23.713
	141.711	93.033	23.592	23.685
	142.733	93.097	23.597	23.695
	143.754	93.110	23.590	23.664
	144.774	93.257	23.596	23.704
	145.795	93.366	23.590	23.675
	146.816	93.500	23.594	23.704
	147.835	93.394	23.594	23.698
	148.856	93.390	23.604	23.696
	149.879	93.373	23.600	23.686
	150.895	93.568	23.614	23.673
	151.911	93.474	23.589	23.702
	152.930	93.396	23.588	23.686
	153.959	93.239	23.581	23.666
	154.977	93.329	23.596	23.673
	155.997	93.395	23.588	23.673
	157.017	93.497	23.591	23.694
	158.038	93.441	23.590	23.675
	159.057	93.245	23.615	23.703
	160.076	93.013	23.595	23.705
	161.094	93.251	23.585	23.686
	162.113	93.109	23.583	23.673
	163.132	93.488	23.585	23.699
	164.152	93.305	23.586	23.692
	165.171	93.219	23.574	23.687
	166.193	93.469	23.589	23.668
	167.215	93.311	23.593	23.673
	168.238	93.276	23.618	23.686
	169.258	93.221	23.584	23.701
	170.278	93.301	23.565	23.669
	171.300	93.370	23.592	23.679
	172.323	93.385	23.600	23.692
	173.343	93.417	23.587	23.676
	174.366	93.378	23.581	23.657
	175.389	93.304	23.584	23.673
	176.409	93.167	23.587	23.654
	177.429	93.037	23.604	23.679
	178.450	93.192	23.604	23.673
	179.469	93.546	23.583	23.667
	180.492	93.583	23.571	23.670
	181.512	93.276	23.577	23.682
	182.533	93.313	23.577	23.681
	183.551	93.123	23.572	23.696
	184.573	93.333	23.594	23.664
	185.593	93.535	23.587	23.682
	186.613	93.157	23.569	23.657
	187.636	93.245	23.576	23.673
	188.660	93.325	23.570	23.664
	189.680	93.419	23.566	23.658
	190.700	93.304	23.587	23.672
	191.720	93.208	23.586	23.687
	192.741	93.352	23.591	23.654
	193.776	93.231	23.568	23.682
	194.800	93.420	23.582	23.697
	195.828	93.363	23.574	23.671
	196.850	93.188	23.580	23.693
	197.867	93.003	23.591	23.667
	198.888	93.216	23.572	23.679
	199.910	93.231	23.579	23.665
	200.932	93.280	23.568	23.663
	201.952	93.314	23.578	23.681
	202.970	93.304	23.567	23.664
	203.990	93.256	23.569	23.677
	205.011	93.340	23.579	23.646
	206.032	93.231	23.563	23.671
	207.059	93.103	23.563	23.650
	208.080	93.226	23.567	23.640
	209.106	93.033	23.580	23.653
	210.126	93.296	23.579	23.661
	211.149	93.108	23.558	23.661
	212.168	92.928	23.584	23.659
	213.188	93.371	23.593	23.647
	214.212	93.514	23.574	23.675
	215.234	93.276	23.549	23.645
	216.253	93.317	23.582	23.679
	217.273	93.269	23.578	23.641
	218.293	93.214	23.582	23.662
	219.315	93.337	23.579	23.734
	220.344	93.223	23.627	23.742
	221.367	93.131	23.622	23.839
	222.390	93.502	23.652	23.887
	223.413	93.393	23.687	23.975
	224.435	93.554	23.702	23.996
	225.472	93.286	23.741	24.060
	226.490	93.240	23.766	24.105
	227.512	93.242	23.806	24.184
	228.537	93.212	23.846	24.236
	229.559	93.433	23.886	24.306
	230.582	93.322	23.923	24.389
	231.603	93.314	23.971	24.437
	232.624	93.414	24.040	24.533
	233.647	93.329	24.073	24.588
	234.668	93.382	24.136	24.648
	235.688	93.295	24.185	24.716
	236.707	93.106	24.240	24.786
	237.728	93.305	24.277	24.879
	238.748	93.464	24.324	24.954
	239.772	93.328	24.414	25.015
	240.794	93.338	24.470	25.090
	241.819	93.220	24.513	25.156
	242.838	93.542	24.587	25.236
	243.858	93.018	24.632	25.298
	244.877	93.287	24.688	25.354
	245.895	93.349	24.761	25.433
	246.920	93.268	24.790	25.496
	247.943	93.396	24.864	25.545
	248.964	93.347	24.938	25.625
	249.983	93.381	25.005	25.702
	251.002	93.355	25.073	25.760
	252.029	93.275	25.119	25.822
	253.048	93.465	25.197	25.873
	254.070	93.277	25.222	25.932
	255.094	93.361	25.292	25.990
	256.113	93.326	25.353	26.054
	257.132	93.331	25.392	26.125
	258.155	93.292	25.459	26.174
	259.176	93.282	25.532	26.224
	260.195	93.284	25.588	26.280
	261.217	93.338	25.642	26.336
	262.240	93.503	25.719	26.398
	263.260	93.359	25.759	26.464
	264.281	93.256	25.777	26.504
	265.302	93.453	25.848	26.558
	266.328	93.332	25.927	26.601
	267.348	93.290	25.984	26.667
	268.365	93.413	26.007	26.726
	269.383	93.292	26.073	26.771
	270.406	93.540	26.141	26.819
	271.425	93.239	26.184	26.867
	272.449	93.286	26.229	26.902
	273.478	93.229	26.287	26.963
	274.513	93.258	26.338	27.008
	275.545	93.408	26.385	27.057
	276.583	93.345	26.428	27.101
	277.616	93.184	26.494	27.117
	278.644	93.408	26.522	27.162
	279.679	93.356	26.579	27.195
	280.714	93.425	26.638	27.236
	281.742	93.461	26.677	27.290
	282.776	93.483	26.717	27.337
	283.807	93.493	26.763	27.390
	284.839	93.369	26.790	27.404
	285.868	93.245	26.837	27.438
	286.897	93.598	26.853	27.483
	287.926	93.271	26.926	27.517
	288.956	93.202	26.952	27.565
	289.981	93.357	27.001	27.596
	291.004	93.367	27.062	27.630
	292.036	93.365	27.079	27.640
	293.074	93.297	27.113	27.683
	294.105	93.200	27.146	27.726
	295.131	93.594	27.197	27.742
	296.157	93.372	27.230	27.770
	297.181	93.544	27.279	27.799
	298.207	93.345	27.293	27.850
	299.241	93.257	27.324	27.878
	300.268	93.380	27.355	27.904
	301.298	93.261	27.397	27.919
	302.336	93.407	27.409	27.959
	303.370	93.652	27.477	27.989
	304.404	93.358	27.506	28.029
	305.431	93.353	27.547	28.048
	306.463	93.403	27.573	28.048
	307.499	93.366	27.609	28.083
	308.532	93.490	27.634	28.108
	309.558	93.446	27.673	28.141
	310.589	93.459	27.694	28.148
	311.617	93.376	27.704	28.194
	312.652	93.360	27.725	28.221
	313.687	93.387	27.738	28.236
	314.719	93.341	27.782	28.231
	315.753	93.419	27.826	28.279
	316.784	93.381	27.868	28.298
	317.818	93.404	27.883	28.325
	318.852	93.534	27.875	28.320
	319.878	93.516	27.921	28.357
	320.907	93.473	27.962	28.390
	321.935	93.474	27.983	28.378
	322.967	93.433	27.995	28.404
	323.999	93.373	28.015	28.426
	325.030	93.308	28.047	28.463
	326.062	93.363	28.073	28.455
	327.095	93.402	28.057	28.482
	328.124	93.344	28.109	28.489
	329.152	93.423	28.123	28.513
	330.178	93.387	28.138	28.524
	331.207	93.321	28.172	28.532
	332.245	93.468	28.179	28.564
	333.273	93.337	28.203	28.588
	334.313	93.342	28.218	28.566
	335.388	93.445	28.227	28.594
	336.419	93.406	28.257	28.613
	337.452	93.172	28.294	28.636
	338.483	93.361	28.299	28.643
	339.513	93.436	28.328	28.654
	340.541	93.322	28.318	28.649
	341.566	93.531	28.341	28.702
	342.599	93.368	28.351	28.676
	343.629	93.174	28.355	28.699
	344.659	93.300	28.397	28.726
	345.691	93.137	28.400	28.744
	346.759	93.532	28.441	28.753
	347.793	93.436	28.454	28.757
	348.819	93.312	28.433	28.760
	349.852	93.371	28.437	28.763
	350.900	93.294	28.456	28.753
	351.935	93.339	28.477	28.793
	352.966	93.304	28.506	28.806
	354.000	93.473	28.531	28.826
	355.046	93.356	28.539	28.828
	356.077	93.382	28.526	28.860
	357.110	93.527	28.548	28.850
	358.142	93.302	28.558	28.830
	359.186	93.158	28.549	28.888
	360.222	93.316	28.577	28.891
	361.261	93.350	28.591	28.882
	362.318	93.500	28.604	28.890
	363.344	93.512	28.617	28.892
	364.371	93.360	28.640	28.922
	365.400	93.444	28.650	28.918
	366.434	93.447	28.672	28.917
	367.462	93.484	28.646	28.935
	368.494	93.498	28.689	28.936
	369.522	93.374	28.685	28.937
	370.549	93.310	28.704	28.980
	371.576	93.637	28.691	28.965
	372.607	93.552	28.698	28.972
	373.637	93.470	28.717	28.989
	374.666	93.492	28.707	28.977
	375.695	93.423	28.725	28.969
	376.733	93.625	28.749	28.984
	377.767	93.316	28.744	29.009
	378.814	93.407	28.757	29.017
	379.853	93.401	28.762	29.015
	380.880	93.453	28.776	29.011
	381.910	93.333	28.785	29.018
	382.949	93.371	28.796	29.026
	383.985	93.419	28.783	29.039
	385.016	93.371	28.802	29.048
	386.052	93.443	28.803	29.041
	387.088	93.466	28.804	29.025
	388.113	93.468	28.834	29.041
	389.142	93.368	28.824	29.060
	390.168	93.284	28.848	29.065
	391.198	93.357	28.857	29.066
	392.229	93.324	28.845	29.058
	393.261	93.481	28.846	29.081
	394.287	93.479	28.869	29.085
	395.314	93.472	28.851	29.087
	396.344	93.434	28.872	29.087
	397.400	93.400	28.870	29.102
	398.451	93.502	28.893	29.092
	399.478	93.526	28.877	29.090
	400.514	93.418	28.914	29.106
	401.546	93.358	28.905	29.094
	402.583	93.437	28.900	29.116
	403.618	93.396	28.900	29.126
	404.646	93.405	28.913	29.114
	405.678	93.252	28.902	29.122
	406.709	93.341	28.927	29.106
	407.747	93.392	28.921	29.121
	408.777	93.303	28.934	29.137
	409.806	93.344	28.918	29.141
	410.903	93.188	28.944	29.145
	411.997	93.379	28.952	29.148
	413.028	93.550	28.963	29.152
	414.054	93.315	28.955	29.117
	415.084	93.349	28.962	29.151
	416.116	93.420	28.967	29.147
	417.148	93.404	28.962	29.165
	418.177	93.166	28.959	29.162
	419.215	93.373	28.965	29.152
	420.245	93.265	28.982	29.169
	421.299	93.497	28.989	29.150
	422.334	93.409	28.994	29.176
	423.364	93.352	28.985	29.166
	424.392	93.308	28.991	29.157
	425.420	93.482	28.984	29.172
	426.451	93.505	28.986	29.160
	427.480	93.408	28.984	29.181
	428.510	93.441	29.001	29.178
	429.536	93.418	29.006	29.181
	430.560	93.504	29.006	29.176
	431.586	93.468	29.018	29.196
	432.614	93.557	29.013	29.192
	433.652	93.431	29.029	29.202
	434.680	93.458	29.015	29.183
	435.714	93.538	29.029	29.188
	436.745	93.554	29.024	29.189
	437.778	93.494	29.017	29.173
	438.806	93.362	29.037	29.191
	439.839	93.464	29.024	29.202
	440.870	93.445	29.052	29.196
	441.904	93.472	29.027	29.183
	442.933	93.433	29.048	29.200
	443.964	93.282	29.064	29.203
	444.994	93.562	29.041	29.222
	446.027	93.566	29.036	29.224
	447.057	93.484	29.023	29.207
	448.089	93.538	29.057	29.208
	449.122	93.382	29.054	29.217
	450.154	93.498	29.041	29.218
	451.184	93.442	29.043	29.229
	452.215	93.434	29.066	29.236
	453.246	93.505	29.056	29.257
	454.282	93.400	29.053	29.214
	455.317	93.657	29.074	29.216
	456.349	93.524	29.068	29.223
	457.380	93.333	29.059	29.233
	458.406	93.508	29.055	29.226
	459.437	93.491	29.082	29.213
	460.465	93.445	29.079	29.228
	461.490	93.336	29.053	29.205
	462.516	93.448	29.064	29.216
	463.545	93.462	29.084	29.237
	464.579	93.409	29.077	29.218
	465.617	93.477	29.069	29.227
	466.656	93.734	29.095	29.234
	467.685	93.458	29.084	29.219
	468.717	93.475	29.092	29.231
	469.748	93.422	29.093	29.206
	470.776	93.353	29.081	29.232
	471.804	93.394	29.094	29.224
	472.831	93.470	29.079	29.227
	473.867	93.615	29.098	29.236
	474.905	93.354	29.107	29.248
	475.934	93.330	29.085	29.231
	476.974	93.374	29.093	29.231
	478.022	93.503	29.097	29.249
	479.071	93.478	29.095	29.254
	480.102	93.413	29.091	29.238
	481.137	93.370	29.112	29.217
	482.172	93.456	29.086	29.248
	483.205	93.390	29.104	29.227
	484.234	93.288	29.110	29.234
	485.266	93.596	29.105	29.216
	486.295	93.397	29.109	29.235
	487.327	93.357	29.118	29.223
	488.357	93.390	29.109	29.248
	489.389	93.077	29.092	29.235
	490.423	93.560	29.094	29.244
	491.458	93.406	29.084	29.235
	492.484	93.409	29.089	29.219
	493.544	93.356	29.112	29.235
	494.572	93.425	29.102	29.248
	495.599	93.435	29.105	29.247
	496.627	93.391	29.091	29.227
	497.660	93.359	29.094	29.255
	498.686	93.372	29.120	29.239
	499.719	93.358	29.096	29.243
	500.750	93.261	29.091	29.233
	501.777	93.483	29.116	29.231
	502.808	93.428	29.109	29.235
	503.841	93.350	29.126	29.240
	504.870	93.386	29.105	29.239
	505.901	93.298	29.099	29.240
	506.929	93.399	29.095	29.220
	507.957	93.194	29.087	29.248
	508.986	93.136	29.135	29.234
	510.025	93.366	29.098	29.229
	511.051	93.440	29.101	29.239
	512.085	93.558	29.104	29.247
	513.115	93.471	29.106	29.265
	514.146	93.411	29.115	29.257
	515.186	93.430	29.106	29.235
	516.226	93.358	29.109	29.229
	517.254	93.344	29.111	29.244
	518.278	93.542	29.108	29.229
	519.313	93.552	29.130	29.228
	520.351	93.476	29.108	29.231
	521.388	93.368	29.108	29.255
	522.449	93.445	29.118	29.226
	523.481	93.399	29.105	29.229
	524.514	93.490	29.109	29.228
	525.542	93.341	29.111	29.220
	526.571	93.427	29.108	29.240
	527.603	93.516	29.096	29.231
	528.631	93.356	29.098	29.227
	529.669	93.343	29.093	29.226
	530.715	93.580	29.099	29.242
	531.745	93.450	29.118	29.241
	532.774	93.286	29.104	29.251
	533.812	93.374	29.106	29.225
	534.841	93.443	29.094	29.231
	535.872	93.436	29.091	29.226
	536.903	93.369	29.118	29.212
	537.937	93.593	29.090	29.217
	538.969	93.524	29.099	29.235
	539.996	93.501	29.112	29.231
	541.029	93.380	29.084	29.244
	542.062	93.413	29.100	29.238
	543.094	93.636	29.124	29.214
	544.126	93.525	29.097	29.229
	545.157	93.390	29.111	29.222
	546.190	93.508	29.105	29.216
	547.240	93.472	29.106	29.228
	548.272	93.497	29.106	29.246
	549.301	93.574	29.094	29.229
	550.347	93.471	29.112	29.215
	551.376	93.470	29.108	29.222
	552.408	93.393	29.122	29.236
	553.440	93.356	29.100	29.205
	554.465	93.587	29.092	29.249
	555.495	93.584	29.090	29.211
	556.527	93.355	29.077	29.229
	557.697	93.701	29.083	29.229
	558.858	93.552	29.092	29.239
	559.887	93.614	29.095	29.218
	560.918	93.584	29.091	29.214
	561.949	93.523	29.117	29.234
	562.976	93.468	29.106	29.228
	564.007	93.482	29.082	29.234
	565.034	93.673	29.096	29.236
	566.067	93.537	29.094	29.202
	567.101	93.580	29.108	29.227
	568.131	93.608	29.097	29.227
	569.155	93.486	29.090	29.220
	570.184	93.571	29.106	29.228
	571.213	93.337	29.075	29.209
	572.238	93.406	29.089	29.217
	573.265	93.466	29.083	29.223
	574.286	93.497	29.112	29.201
	575.312	93.516	29.089	29.214
	576.339	93.409	29.072	29.232
	577.368	93.435	29.094	29.215
	578.394	93.478	29.107	29.233
	579.422	93.361	29.081	29.199
	580.451	93.383	29.092	29.203
	581.484	93.347	29.096	29.229
	582.514	93.390	29.087	29.229
	583.542	93.340	29.091	29.211
	584.594	93.377	29.079	29.218
	585.652	93.465	29.098	29.225
	586.683	93.428	29.116	29.224
	587.711	93.330	29.078	29.219
	588.745	93.380	29.083	29.211
	589.775	93.427	29.090	29.207
	590.808	93.339	29.096	29.201
	591.844	93.394	29.105	29.222
	592.873	93.413	29.074	29.211
	593.903	93.409	29.084	29.204
	594.931	93.373	29.106	29.221
	595.960	93.436	29.102	29.193
	596.988	93.673	29.085	29.216
	598.014	93.449	29.103	29.206
	599.043	93.564	29.087	29.215
	600.068	93.360	29.081	29.210
	601.106	93.437	29.085	29.228
	602.137	93.575	29.091	29.216
	603.170	93.502	29.112	29.215
	604.203	93.644	29.084	29.197
	605.239	93.557	29.109	29.232
	606.274	93.412	29.077	29.190
	607.316	93.422	29.091	29.201
	608.404	93.073	29.088	29.206
	609.435	93.425	29.091	29.209
	610.466	93.441	29.095	29.196
	611.496	93.419	29.076	29.205
	612.524	93.370	29.067	29.202
	613.559	93.318	29.070	29.206
	614.595	93.364	29.081	29.237
	615.627	93.395	29.085	29.194
	616.659	93.340	29.085	29.219
	617.691	93.501	29.105	29.173
	618.721	93.464	29.082	29.207
	619.760	93.354	29.077	29.217
	620.793	93.612	29.079	29.194
	621.824	93.465	29.088	29.208
	622.854	93.500	29.097	29.187
	623.891	93.383	29.067	29.210
	624.926	93.614	29.086	29.212
	625.960	93.505	29.080	29.187
	626.994	93.455	29.103	29.196
	628.023	93.360	29.068	29.198
	629.055	93.622	29.065	29.183
	630.083	93.442	29.080	29.189
	631.109	93.555	29.078	29.205
	632.138	93.540	29.079	29.175
	633.166	93.368	29.096	29.206
	634.198	93.420	29.099	29.227
	635.227	93.394	29.078	29.202
	636.262	93.295	29.086	29.194
	637.293	93.361	29.072	29.190
	638.324	93.509	29.091	29.177
	639.356	93.455	29.072	29.180
	640.388	93.461	29.087	29.208
	641.420	93.537	29.062	29.194
	642.450	93.536	29.077	29.197
	643.477	93.345	29.077	29.183
	644.518	93.392	29.081	29.197
	645.552	93.541	29.058	29.172
	646.594	93.434	29.104	29.179
	647.624	93.669	29.071	29.200
	648.663	93.449	29.060	29.189
	649.695	93.429	29.079	29.198
	650.725	93.536	29.062	29.190
	651.754	93.390	29.061	29.179
	652.794	93.351	29.080	29.189
	653.822	93.282	29.063	29.190
	654.861	93.386	29.057	29.180
	655.898	93.352	29.073	29.199
	656.936	93.355	29.079	29.196
	657.970	93.325	29.056	29.184
	659.005	93.327	29.060	29.223
	660.040	93.360	29.064	29.166
	661.091	93.287	29.091	29.202
	662.124	93.405	29.065	29.179
	663.151	93.573	29.048	29.182
	664.179	93.504	29.092	29.195
	665.215	93.332	29.074	29.170
	666.250	93.295	29.070	29.179
	667.283	93.209	29.085	29.182
	668.316	93.463	29.087	29.172
	669.350	93.436	29.062	29.176
	670.378	93.403	29.062	29.175
	671.409	93.378	29.026	29.190
	672.446	93.408	29.070	29.204
	673.473	93.411	29.069	29.189
	674.505	93.513	29.057	29.175
	675.533	93.361	29.055	29.178
	676.560	93.436	29.058	29.181
	677.610	93.507	29.074	29.166
	678.668	93.361	29.062	29.176
	679.699	93.379	29.047	29.173
	680.729	93.364	29.051	29.170
	681.761	93.366	29.086	29.174
	682.792	93.361	29.059	29.185
	683.824	93.524	29.047	29.151
	684.855	93.373	29.059	29.180
	685.886	93.335	29.067	29.158
	686.917	93.287	29.063	29.181
	687.947	93.316	29.050	29.187
	688.978	93.320	29.059	29.167
	690.006	93.023	29.059	29.173
	691.038	93.383	29.054	29.177
	692.066	93.429	29.059	29.175
	693.094	93.575	29.043	29.155
	694.124	93.408	29.048	29.175
	695.195	93.686	29.055	29.146
	696.270	93.499	29.051	29.155
	697.295	93.445	29.047	29.166
	698.326	93.533	29.078	29.166
	699.353	93.359	29.058	29.167
	700.382	93.428	29.057	29.153
	701.409	93.497	29.047	29.168
	702.448	93.461	29.047	29.177
	703.478	93.379	29.046	29.181
	704.555	93.497	29.046	29.156
	705.604	93.395	29.032	29.167
	706.636	93.240	29.043	29.179
	707.663	93.146	29.061	29.161
	708.695	93.419	29.054	29.183
	709.726	93.460	29.058	29.153
	710.774	93.425	29.047	29.162
	711.810	93.418	29.043	29.169
	712.850	93.412	29.061	29.138
	713.878	93.222	29.051	29.140
	714.905	93.345	29.046	29.151
	715.937	93.426	29.051	29.176
	716.966	93.415	29.051	29.155
	717.996	93.336	29.044	29.171
	719.062	93.332	29.056	29.150
	720.113	93.108	29.070	29.167
	721.146	93.448	29.029	29.151
	722.184	93.421	29.043	29.152
	723.215	93.278	29.053	29.149
	724.246	93.283	29.033	29.170
	725.274	93.344	29.050	29.141
	726.302	93.392	29.038	29.156
	727.346	93.395	29.035	29.154
	728.380	93.406	29.045	29.146
	729.419	93.313	29.017	29.140
	730.451	93.340	29.054	29.155
	731.506	93.431	29.036	29.167
	732.536	93.390	29.041	29.146
	733.568	93.509	29.056	29.169
	734.598	93.442	29.038	29.165
	735.623	93.527	29.025	29.167
	736.704	93.422	29.036	29.160
	737.780	93.470	29.047	29.160
	738.811	93.552	29.034	29.141
	739.862	93.587	29.056	29.147
	740.903	93.486	29.028	29.140
	741.932	93.414	29.045	29.137
	742.964	93.540	29.020	29.138
	744.014	93.420	29.011	29.135
	745.043	93.572	29.032	29.142
	746.077	93.493	29.050	29.136
	747.109	93.805	29.048	29.171
	748.136	93.390	29.025	29.151
	749.166	93.408	29.026	29.161
	750.199	93.419	29.010	29.134
	751.263	93.398	29.027	29.140
	752.322	93.357	29.036	29.162
	753.355	93.497	29.030	29.129
	754.382	93.363	29.027	29.138
	755.410	93.457	29.029	29.133
	756.447	93.477	29.027	29.127
	757.474	93.534	29.014	29.137
	758.511	93.052	29.017	29.114
	759.542	93.498	29.006	29.152
	760.579	93.587	29.017	29.125
	761.612	93.563	28.999	29.118
	762.649	93.516	29.007	29.127
	763.676	93.331	29.020	29.136
	764.705	93.659	29.026	29.131
	765.736	93.514	29.021	29.116
	766.769	93.682	29.020	29.134
	767.809	93.575	29.002	29.122
	768.841	93.489	29.002	29.130
	769.875	93.581	29.038	29.143
	770.905	93.574	29.005	29.146
	771.932	93.697	29.010	29.128
	772.959	93.893	29.028	29.121
	773.998	93.711	29.018	29.125
	775.028	93.643	29.009	29.143
	776.064	93.582	29.003	29.117
	777.099	93.584	29.011	29.096
	778.130	93.571	29.035	29.131
	779.160	93.655	29.004	29.113
	780.187	93.584	29.035	29.116
	781.220	93.518	28.988	29.119
	782.255	93.544	29.019	29.126
	783.296	93.502	28.996	29.129
	784.327	93.414	29.006	29.115
	785.357	93.554	29.014	29.100
	786.384	93.433	29.017	29.108
	787.412	93.325	29.016	29.136
	788.445	93.534	29.035	29.135
	789.482	93.495	28.996	29.136
	790.510	93.575	28.994	29.116
	791.544	93.403	29.024	29.115
	792.575	93.649	28.987	29.128
	793.615	93.536	29.011	29.109
	794.648	93.605	29.030	29.114
	795.684	93.543	29.003	29.131
	796.720	93.468	29.008	29.108
	797.754	93.615	29.015	29.134
	798.783	93.482	28.998	29.141
	799.814	93.379	28.994	29.140
	800.858	93.004	28.995	29.119
	801.886	93.516	28.994	29.117
	802.924	93.531	28.979	29.122
	803.965	93.508	29.009	29.109
	804.993	93.682	28.990	29.135
	806.022	93.590	28.998	29.125
	807.051	93.423	29.000	29.121
	808.084	93.434	29.005	29.112
	809.118	93.312	29.006	29.088
	810.151	93.276	29.005	29.100
	811.186	93.133	29.003	29.103
	812.215	93.449	29.005	29.115
	813.237	93.507	29.010	29.093
	814.276	93.536	28.991	29.114
	815.328	93.432	28.989	29.114
	816.355	93.398	29.005	29.114
	817.383	93.297	29.020	29.107
	818.447	93.537	29.010	29.123
	819.507	93.576	28.990	29.100
	820.545	93.478	28.973	29.112
	821.601	93.522	28.984	29.095
	822.636	93.330	28.967	29.089
	823.662	93.408	28.987	29.091
	824.697	93.361	28.979	29.099
	825.761	93.481	28.984	29.087
	826.793	93.407	28.978	29.117
	827.821	93.451	28.981	29.100
	828.856	93.511	28.984	29.072
	829.884	93.502	29.001	29.106
	830.911	93.417	28.978	29.079
	831.949	93.544	28.999	29.101
	832.981	93.494	28.996	29.115
	834.010	93.449	28.968	29.091
	835.036	93.409	28.987	29.088
	836.066	93.585	28.981	29.105
	837.097	93.462	28.991	29.087
	838.125	93.528	28.991	29.093
	839.163	93.539	28.977	29.075
	840.190	93.437	28.988	29.084
	841.252	93.486	28.987	29.092
	842.320	93.561	28.984	29.088
	843.348	93.376	28.981	29.075
	844.381	93.471	29.010	29.093
	845.419	93.524	28.973	29.086
	846.447	93.469	28.964	29.104
	847.476	93.468	28.976	29.112
	848.513	93.601	28.980	29.098
	849.539	93.530	28.967	29.108
	850.567	93.454	28.985	29.081
	851.596	93.429	28.998	29.087
	852.655	93.377	28.977	29.100
	853.723	93.479	28.979	29.080
	854.752	93.492	28.976	29.073
	855.788	93.454	28.983	29.094
	856.822	93.470	28.982	29.075
	857.875	93.445	28.982	29.084
	858.899	93.462	28.999	29.089
	859.926	93.597	28.966	29.104
	860.965	93.516	28.977	29.096
	862.033	93.473	28.990	29.103
	863.081	93.508	28.960	29.073
	864.117	93.502	28.977	29.089
	865.148	93.501	28.971	29.089
	866.180	93.545	28.996	29.090
	867.208	93.658	28.963	29.076
	868.238	93.445	28.985	29.090
	869.266	93.575	28.973	29.067
	870.293	93.516	28.951	29.073
	871.324	93.414	28.961	29.083
	872.351	93.554	28.965	29.077
	873.377	93.521	28.974	29.081
	874.418	93.541	28.970	29.074
	875.446	93.733	28.963	29.085
	876.493	93.539	28.959	29.082
	877.531	93.517	28.980	29.069
	878.558	93.557	28.968	29.070
	879.584	93.629	28.964	29.081
	880.613	93.544	28.948	29.086
	881.641	93.717	28.974	29.105
	882.672	93.424	28.957	29.087
	883.701	93.544	28.964	29.084
	884.727	93.659	28.968	29.072
	885.753	93.400	28.952	29.066
	886.782	93.568	28.962	29.073
	887.810	93.525	28.967	29.069
	888.840	93.558	28.964	29.068
	889.874	93.389	28.972	29.084
	890.909	93.689	28.938	29.068
	891.944	93.447	28.957	29.074
	892.973	93.469	28.964	29.081
	894.002	93.478	28.941	29.088
	895.036	93.470	28.956	29.060
	896.064	93.475	28.959	29.049
	897.099	93.542	28.955	29.055
	898.133	93.470	28.979	29.069
	899.163	93.628	28.929	29.079
	900.197	93.355	28.950	29.054
	901.226	93.517	28.952	29.086
	902.255	93.511	28.976	29.070
	903.285	93.423	28.955	29.053
	904.313	93.395	28.970	29.052
	905.342	93.530	28.962	29.071
	906.368	93.498	28.953	29.055
	907.395	93.547	28.954	29.060
	908.424	93.392	28.955	29.089
